geomorphology_exercises/ascii_dem.txt
ncols         73
nrows         73
xllcorner     704015.00418247
yllcorner     3970659.6941116
cellsize      6.096012192024
NODATA_value  -9999
[rows 0 to 27 of 73, columns 0 to 62 of 73]
-9999 -9999 -9999 -9999 -9999 -9999 -9999 -9999 -9999 -9999 -9999 -9999 -9999 -9999 -9999 -9999 -9999 -9999 -9999 -9999 -9999 -9999 -9999 -9999 -9999 -9999 -9999 -9999 -9999 -9999 -9999 -9999 -9999 -9999 -9999 -9999 -9999 -9999 -9999 -9999 -9999 -9999 -9999 -9999 -9999 -9999 -9999 122.9859 123.7613 124.3925 124.8854 125.2512 125.5977 125.687 125.894 125.9668 125.7388 125.2399 124.8299 124.2743 123.8213 123.059 122.1504
109.1903 110.4111 111.2435 112.2941 112.8961 113.0674 112.954 112.473 111.8366 110.8091 109.6786 108.7624 108.2034 108.1391 108.1275 108.2579 108.2406 108.14 108.4076 108.7542 109.2543 109.9914 110.4159 110.4595 110.6384 110.7311 110.9326 111.1435 111.5089 111.9338 112.2987 112.8071 113.0759 113.417 113.8227 114.2579 114.9261 115.5738 116.1751 117.1499 117.7674 118.2155 118.7949 119.6395 120.5377 121.4494 122.2708 123.4925 124.1755 124.6845 125.0878 125.406 125.6309 125.6818 125.8452 125.7358 125.5428 125.264 124.7641 124.249 123.8622 123.4154 122.4162
108.3872 109.8176 111.0231 112.0143 112.5916 112.9903 112.7547 112.2673 111.3751 110.2824 109.365 108.542 108.0105 107.8245 107.5426 107.8706 108.0388 108.2857 108.3207 108.7395 109.5424 110.2285 110.9073 110.4111 110.3915 110.3769 110.5555 110.6104 110.8591 110.9951 111.7342 112.3819 112.6989 113.2128 113.9263 114.603 115.3125 116.2169 116.9417 117.5415 118.1582 118.7513 119.3414 120.1195 121.0653 121.9471 122.7518 123.9253 124.5398 124.8071 125.0357 125.2807 125.5828 125.8056 125.7206 125.5511 125.2807 125.0213 124.6784 124.2346 123.6982 123.2611 122.4842
107.8974 109.3321 110.7216 111.6482 112.2825 112.9296 112.5815 112.0238 111.3596 110.0691 109.2108 108.3869 107.6913 107.0403 106.826 107.4134 107.3152 107.7264 108.2217 108.8724 109.49 110.0401 110.2712 110.1654 110.023 110.1626 109.9971 110.348 109.9472 110.2867 111.3517 111.9168 112.4962 113.3826 114.2485 114.8986 115.678 116.4857 117.3809 118.2398 118.8391 119.3831 120.0564 120.7999 121.6033 122.6052 123.1407 124.2618 124.6477 125.0149 125.0524 125.2213 125.5173 125.6303 125.6821 125.2335 125.1052 124.9601 124.5516 124.1173 123.7558 123.3291 122.401
107.6834 109.1894 110.3708 111.3553 111.9418 112.2734 112.2572 111.9549 111.1478 110.0255 109.2315 108.4375 107.7026 107.0323 106.4261 106.7922 106.8062 107.1192 107.8257 108.51 109.2111 109.6174 109.5073 109.3055 109.2138 109.287 109.2095 109.6417 109.7457 110.3577 110.9554 111.598 112.6632 113.7386 114.806 115.8405 116.4939 117.309 118.1606 118.8616 119.3429 119.9705 120.7801 121.4616 122.33 122.956 123.4964 124.4971 124.8217 125.1923 125.3015 125.4782 125.5221 125.6486 125.4929 125.2755 125.0972 124.8796 124.4306 123.9945 123.6369 123.0898 122.1766
107.3801 108.7785 109.8758 110.9615 111.5736 111.8433 111.8442 111.6607 111.1353 110.0727 109.1958 108.4933 107.8032 107.1335 106.2027 105.7927 106.1814 106.8671 107.2134 107.8934 108.5957 109.1714 108.9913 108.735 108.7408 108.8599 108.7651 109.0215 109.8892 110.2989 110.8149 111.6818 112.9787 114.183 115.3116 116.3379 117.458 118.2292 118.9601 119.502 120.0885 120.7785 121.3604 122.0514 122.7613 123.316 123.725 124.6007 124.9485 125.2274 125.2716 125.4624 125.3786 125.5682 125.492 125.4347 125.1161 124.8379 124.4026 123.9679 123.647 123.0755 122.0706
107.1835 108.3302 109.5082 110.4272 111.0228 111.3014 111.5379 111.3181 110.9646 109.9901 109.1361 108.2753 107.7523 107.3347 106.588 105.3285 106.0094 106.4447 106.7794 107.3286 107.7831 108.4713 108.411 108.0376 107.3981 107.4731 108.5673 109.0498 109.7243 110.3096 110.9838 112.1198 113.4268 114.8435 115.8795 116.7411 117.8723 118.6952 119.4411 119.9815 120.6648 121.1894 121.7173 122.4857 123.1078 123.6144 123.953 124.7552 125.0021 125.2515 125.3972 125.5718 125.5956 125.5913 125.5425 125.3807 125.1369 124.7735 124.3749 123.8902 123.4339 123.1749 122.1407
107.054 108.1525 109.1605 109.8966 110.6092 110.8551 110.8798 110.9426 110.6159 109.9206 109.0081 108.2272 107.6831 107.271 106.7541 105.5785 105.3246 105.7964 105.8869 106.4663 107.2165 107.6654 107.648 107.2997 107.0793 107.7081 108.4576 109.0172 109.853 110.5333 111.3251 112.6084 113.9452 115.3156 116.2129 117.1182 118.0314 118.8955 119.6233 120.2025 120.8675 121.3601 121.9102 122.6092 123.3526 123.8418 124.3282 124.8214 125.1884 125.3798 125.5349 125.666 125.7032 125.6395 125.3859 125.1811 125.0448 124.7659 124.3581 123.8277 123.5251 122.9953 122.0014
106.6303 107.7124 108.5847 109.368 109.9886 110.3038 110.4412 110.2696 110.0907 109.5274 108.6981 108.0726 107.4505 106.9674 106.4438 105.4526 104.5062 105.0853 105.1743 105.7452 106.4669 106.7315 106.3484 105.5946 106.9272 107.7343 108.6533 109.5966 110.3458 111.2675 112.2499 113.0963 114.2902 115.6231 116.5433 117.3916 118.1667 118.9226 119.7413 120.3728 121.0934 121.753 122.2589 122.7954 123.3684 123.885 124.3764 124.608 124.8406 125.2067 125.4947 125.7376 125.52 125.6212 125.3917 125.0207 124.8927 124.6342 124.2496 123.8604 123.384 122.7652 121.9566
106.4721 107.3884 108.0693 108.8615 109.3939 109.6984 109.7908 109.6549 109.3991 109.0635 108.4027 107.5667 107.0723 106.7385 106.0981 105.1548 103.1702 103.7512 104.3111 104.9033 105.6153 105.6885 104.9518 105.9954 106.8604 107.8669 108.9709 110.0788 110.9003 111.5641 112.7544 113.7983 114.8069 115.8926 116.8978 117.615 118.4419 119.2563 119.7867 120.4237 121.1431 121.6554 122.0654 122.8783 123.3794 123.7698 124.2487 124.4983 124.7705 125.0095 125.2664 125.353 125.2192 125.231 125.1997 124.9162 124.5681 124.3861 124.0435 123.5955 123.0197 122.4772 121.9557
105.9841 106.968 107.6294 108.2394 108.7764 108.9703 108.8523 108.7679 108.6435 108.1373 107.5837 107.0293 106.591 106.1734 105.711 104.7241 103.2098 102.9633 103.3842 103.5625 104.7019 104.633 105.067 105.7098 106.7385 108.0342 109.461 110.5702 111.7394 112.4663 113.3883 114.2765 115.3668 116.3909 117.0365 117.8339 118.6336 119.3527 119.8647 120.4429 121.1175 121.6749 122.208 122.8859 123.5202 123.6824 124.1554 124.2968 124.5812 124.6912 124.7047 124.7738 124.8708 124.8632 124.7653 124.4962 124.2831 123.9975 123.6507 123.2587 122.8859 122.3891 121.6996
105.5239 106.4148 107.1652 107.6849 108.079 108.1217 108.0056 107.9946 107.7761 107.3085 106.8159 106.2569 105.8516 105.4535 105.0902 104.1047 102.9197 101.5783 102.2278 102.7889 103.2882 104.5793 105.5839 106.3917 107.0284 108.6249 110.009 111.2806 112.5602 113.2972 114.0415 114.8767 115.7899 116.5814 117.38 118.0634 118.708 119.4164 120.033 120.5048 121.179 121.6469 122.2754 122.9274 123.3992 123.7131 124.0027 123.814 124.0588 124.0499 124.0774 124.2231 124.2682 124.1517 124.1551 123.9914 123.7829 123.5156 123.1566 122.8402 122.597 122.0645 121.4899
105.1661 105.9497 106.5691 107.0921 107.2039 107.2649 107.0387 106.9619 106.7955 106.1405 105.7248 104.9954 104.9289 104.5552 104.1483 103.3979 101.4426 101.6542 102.3275 103.3985 104.4483 105.2481 106.2606 107.0452 107.9687 108.9495 110.415 111.879 113.0735 113.9912 114.8892 115.6801 116.2983 117.0261 117.6985 118.1911 118.7763 119.7782 120.2469 120.8508 121.5158 121.7344 122.2641 122.8277 123.2358 123.5492 123.6945 123.4349 123.4282 123.3431 123.4181 123.5854 123.4778 123.4196 123.3968 123.3187 123.0216 122.9624 122.6902 122.3927 122.1958 121.7749 121.3677
104.5726 105.4462 105.9107 106.2926 106.267 106.2237 105.8317 105.4169 105.3523 104.7866 104.3733 104.0413 103.7811 103.4452 103.0657 102.3774 100.5788 101.6246 102.8346 104.0298 104.9493 106.2347 107.2539 108.0361 108.9367 110.0688 111.4626 112.6263 113.6105 114.6319 115.5067 116.0648 116.6912 117.3053 117.7238 118.4663 119.1064 119.7004 120.1659 120.7179 121.3491 121.7496 122.1623 122.7049 123.0185 123.2977 123.3443 122.8847 122.7506 122.8527 122.6409 122.8524 122.6451 122.7646 122.7539 122.6427 122.5829 122.308 122.2026 122.0727 121.831 121.5271 121.1144
104.0438 104.8375 105.4571 105.5964 105.2087 105.1502 104.6921 103.6378 103.0578 102.778 102.6883 102.6999 102.5369 102.3253 101.9166 100.8662 100.1128 101.677 103.077 104.4821 105.8619 107.1521 107.966 108.9523 109.9648 110.9185 112.0161 113.104 114.1226 115.1397 115.8877 116.536 117.1029 117.5208 118.1262 118.7717 119.3066 119.8263 120.2238 120.759 121.1047 121.7895 122.3851 122.4836 122.6924 122.9688 123.0353 122.3674 122.116 122.0041 121.934 121.9642 121.7953 121.7816 121.909 121.9544 121.9679 121.76 121.7475 121.6347 121.5421 121.2811 120.7368
103.7749 104.369 104.7159 104.7271 104.1745 103.6591 102.7206 101.5798 100.9586 100.823 100.9184 101.0869 101.1076 100.8419 100.687 99.78725 100.5358 101.9218 103.7561 104.9978 106.4529 107.7105 108.9343 110.1252 110.9856 111.7936 112.7531 113.7276 114.6865 115.5183 116.1696 116.7655 117.2685 117.75 118.2703 118.8799 119.4551 119.9019 120.1485 120.4606 120.9855 121.5488 121.863 122.2047 122.5269 122.6924 122.6076 121.8319 121.2784 121.1604 121.0742 120.9571 120.9132 121.0254 121.2595 121.1714 121.3013 121.1708 121.1818 121.1336 121.0254 120.9629 120.6651
103.3851 103.7475 103.9764 103.7981 103.1513 102.3018 100.9638 99.45319 98.6982 98.76069 99.24928 99.62419 99.49982 99.06122 98.97466 99.54036 101.3804 102.9608 104.5805 106.082 107.1975 108.4235 109.5948 110.7287 111.6598 112.4819 113.285 114.1692 115.0983 115.9276 116.444 116.9402 117.4663 117.9771 118.3852 119.0198 119.4337 119.883 120.2201 120.3963 120.7724 121.2549 121.76 122.0041 122.1404 122.1032 122.1081 121.2802 120.8526 120.4335 120.175 120.0757 120.0339 120.0528 120.2308 120.1226 120.1025 120.0321 120.3232 120.6124 120.7416 120.7243 120.5728
102.8389 103.1675 103.0809 102.5853 101.8318 100.7596 99.31786 97.44426 95.87942 96.6088 97.23638 97.64969 97.96546 98.64059 100.1838 101.2799 102.5871 104.2556 105.5849 106.5822 107.826 109.1382 110.3467 111.3565 112.1877 112.9122 113.7242 114.5832 115.4576 116.2532 116.6079 116.9057 117.5897 118.2408 118.6059 119.2036 119.5956 120.0226 120.2293 120.5633 120.8346 121.1912 121.5241 121.6048 121.6957 121.6707 121.4939 120.0943 119.6748 119.2716 118.9887 118.8345 118.8778 119.054 119.1418 119.0232 118.8744 118.9845 119.6047 119.9178 120.3091 120.4719 120.4591
102.3854 102.4381 102.0446 101.457 100.5072 99.19991 97.45705 95.58498 95.88886 96.85629 97.7393 98.57964 99.3453 100.2509 101.4685 102.7149 103.7436 105.1682 106.3642 107.3594 108.4597 109.8578 110.9777 111.7814 112.651 113.4706 114.1446 114.8855 115.6451 116.4577 116.9323 117.1953 117.6562 118.1359 118.5532 119.1991 119.7157 120.0744 120.3801 120.6776 120.8377 120.962 121.1757 121.3083 121.3009 121.1979 120.7103 119.2396 118.6339 117.8753 117.2617 117.0255 117.2352 117.5775 117.9296 117.6976 117.5577 118.1286 118.9732 119.4907 120.0622 120.2436 120.3311
101.7145 101.4335 100.8687 100.1094 99.1935 97.93864 96.02114 95.39265 96.5582 98.13006 99.52269 100.3975 101.0357 101.9699 102.8374 104.073 105.0121 106.1237 106.9083 107.9748 109.0943 110.3199 111.4483 112.0984 113.0211 113.9915 114.589 115.283 116.0093 116.5893 117.0234 117.2319 117.626 118.1362 118.5331 119.0683 119.5596 119.9281 120.2095 120.2957 120.4451 120.5798 120.6773 120.7608 120.7819 120.4935 119.9815 118.5166 117.5629 116.59 115.8996 115.7743 115.6497 115.8106 116.0895 116.2218 116.5592 117.4577 118.4428 119.1262 119.6892 120.0007 120.1003
100.9293 100.3353 99.43673 98.59853 97.7646 96.49937 95.10339 95.70629 97.23181 99.4087 100.3719 101.6188 102.3921 103.3363 104.2693 105.2462 106.1368 106.8266 107.5987 108.5061 109.4418 110.7186 111.6924 112.4124 113.4731 114.4265 115.0324 115.6911 116.1815 116.7664 117.2224 117.4882 117.8095 118.1612 118.6041 118.9324 119.2859 119.599 119.8041 119.8687 119.7962 119.9668 120.2558 120.4045 120.2732 119.9659 119.2557 117.6994 116.6421 115.4195 114.5003 114.3488 114.353 114.5253 114.7103 115.0221 115.778 117.045 118.1588 118.765 119.1856 119.5352 119.7416
99.93508 98.81738 97.64024 96.98248 95.89892 94.70106 94.23563 96.28175 98.13829 100.0116 101.3542 102.2628 103.429 104.362 105.249 106.1972 106.8934 107.5176 108.1982 109.0584 109.9383 110.9618 112.1192 112.7827 113.8544 114.6956 115.3845 115.9871 116.5464 117.0773 117.5876 117.8497 118.1155 118.4319 118.7105 119.0159 119.1631 119.4234 119.4539 119.6502 119.7474 119.8416 119.9418 119.8913 119.6645 119.3844 118.5855 117.0304 115.6247 114.2906 113.1887 112.9942 113.2457 113.5545 113.7078 114.297 115.3967 116.8765 117.9262 118.5584 119.0223 119.331 119.3554
98.90822 97.55825 96.21926 94.67393 93.81287 93.64706 94.47824 96.97639 98.85396 100.6873 102.0461 103.1443 104.2181 105.0639 105.9326 106.7678 107.5185 108.0653 108.8377 109.5387 110.3355 111.3154 112.2359 112.9336 114.0053 114.9002 115.5689 116.2071 116.8369 117.4349 117.9795 118.235 118.1225 118.3706 118.8007 118.9915 119.2591 119.3578 119.3508 119.4145 119.3783 119.4289 119.6681 119.2436 119.0872 118.6855 117.9963 116.2248 114.891 113.3286 112.2155 111.9649 112.1947 112.7291 113.1832 113.8681 115.283 116.4394 117.6318 118.2353 118.7038 118.9945 119.0244
98.06117 96.51096 94.0052 92.92407 92.88567 93.36116 95.6118 98.0563 99.67265 101.2945 102.6365 103.7487 104.8722 105.5955 106.4831 107.3396 108.0815 108.6408 109.4043 110.0624 110.7445 111.6885 112.3755 113.0756 113.9513 114.9812 115.7579 116.4903 117.1029 117.5842 118.1508 118.4313 118.4794 118.6894 118.9418 118.9381 119.207 119.413 119.1948 119.1158 119.1277 119.139 119.2176 118.6446 118.4627 118.1115 117.3639 115.4201 114.1759 112.6626 111.3437 111.1664 111.3346 111.9786 112.6998 113.77 115.1169 116.1913 117.2264 117.9192 118.2075 118.441 118.4678
97.12666 95.42313 92.94572 91.98985 93.57513 95.02445 96.66092 98.62993 100.1305 101.9172 103.2419 104.2709 105.1481 105.9247 106.8781 107.7873 108.5655 109.0901 109.8435 110.5052 111.2392 111.9646 112.7461 113.6386 114.3652 115.1665 115.8834 116.5049 117.0572 117.6421 118.1143 118.3517 118.559 118.6446 118.8211 119.1314 119.1933 119.1661 119.1981 119.1847 118.9351 119.0704 118.6653 118.139 117.8342 117.3181 116.3739 114.208 112.9476 111.6821 110.6991 110.3437 110.6543 111.2874 112.3237 113.5036 114.909 116.0303 116.9097 117.3489 117.7845 117.8555 117.9482
96.40733 94.72727 92.32606 92.0301 93.82111 95.71269 97.53844 99.26299 100.6392 102.2342 103.5531 104.8256 105.6848 106.5822 107.3155 107.9739 108.7859 109.4141 109.4141 110.1252 110.7707 111.5263 112.3563 112.9878 113.7245 114.6292 115.3247 115.8414 116.4796 117.0923 117.4541 118.032 118.3804 118.5751 118.723 118.9534 119.1021 119.0217 118.9896 119.0095 118.9366 118.8406 118.4925 118.1639 117.679 117.1103 116.3745 114.0367 112.8693 111.6382 110.5833 109.7615 109.678 109.9834 110.8832 112.1765 113.4185 114.5957 115.6743 116.4918 116.9771 117.0746 117.2136
-9999 95.61851 94.06951 91.94597 91.3702 94.15912 96.15464 98.2532 100.0448 101.1214 102.6539 104.0855 105.1706 106.0908 106.8281 107.5194 108.2881 109.0763 109.6042 110.3489 111.1002 111.8302 112.4474 113.0427 113.7995 114.7374 115.3269 115.9237 116.5826 117.0575 117.4888 117.9293 118.2493 118.5611 118.665 118.9049 118.9327 118.7769 118.7842 118.7507 118.4416 118.4148 118.0948 117.747 117.1389 116.3467 115.3516 112.4898 111.313 110.3727 109.5713 108.9861 108.9096 109.3543 110.5863 112.0003 113.175 114.232 115.2717 115.9179 116.4071 116.6153 116.6095
-9999 94.61144 93.11366 91.43117 91.67104 94.04269 96.29546 98.36597 100.231 101.6365 103.051 104.2779 105.3922 106.3417 107.0046 107.524 108.1333 109.0477 109.7371 110.5214 111.2727 111.9792 112.8025 113.5627 114.2945 114.8822 115.4509 115.9727 116.5122 117.0392 117.5748 117.925 118.2173 118.4672 118.6827 118.6964 118.6882 118.776 118.6785 118.2819 118.0862 117.701 117.4702 116.9917 116.4711 115.1629 113.9726 111.1974 109.7774 108.8548 108.122 107.9839 108.3652 109.2239 110.4903 111.7369 112.8687 113.8821 114.7871 115.4756 115.9118 116.0151 116.0794
