geomorphology_exercises/ascii_dem.txt
ncols         73
nrows         73
xllcorner     704015.00418247
yllcorner     3970659.6941116
cellsize      6.096012192024
NODATA_value  -9999
[rows 28 to 55 of 73, columns 0 to 62 of 73]
-9999 93.48643 92.10812 91.03767 91.30009 94.05214 96.28266 98.38548 100.1582 101.8059 103.151 104.3717 105.5416 106.1878 106.8687 107.3454 107.9431 108.8069 109.7515 110.5872 111.3352 112.2487 113.1107 113.8577 114.5268 115.0684 115.6387 116.1389 116.7064 117.1511 117.5824 117.9189 118.1079 118.3468 118.2676 118.3298 118.4008 118.281 118.2755 117.8985 117.726 117.5309 117.0523 116.5025 115.6295 114.1811 112.6702 110.244 108.7676 107.6977 107.2335 107.2875 108.1135 109.3766 110.3885 111.5029 112.73 113.5097 114.3143 114.8331 115.1711 115.3574 115.4601
-9999 92.39311 91.09375 91.34582 91.52778 93.98173 96.47987 99.39497 100.2182 101.7151 103.0733 103.9481 105.0798 105.4407 106.0027 106.6087 107.4088 108.3451 109.4918 110.5409 111.4904 112.3484 113.1982 113.9068 114.5591 115.1483 115.6887 116.127 116.6646 117.2499 117.5531 117.7848 117.9119 118.0655 117.9454 118.0371 118.1896 117.8994 117.8899 117.6092 117.4434 117.1447 116.5421 115.7128 114.7599 113.296 111.7677 109.5149 107.6429 106.7983 106.6809 106.8723 107.9541 109.1126 110.1965 111.3565 112.3603 113.0762 113.8227 114.2369 114.4637 114.6438 114.6868
-9999 91.25895 90.21532 90.2653 91.83015 94.17833 96.34759 98.47478 100.0274 101.5786 102.8224 103.4455 103.8932 104.0676 104.7878 105.6632 106.7614 107.926 109.2818 110.3632 111.3727 112.2874 113.3219 114.0915 114.7176 115.2388 115.746 116.2998 116.7747 117.1599 117.5455 117.6452 117.6641 117.9043 117.9789 117.9588 117.9015 117.675 117.4388 117.3044 117.1968 116.7037 115.9484 115.0678 113.9967 112.7208 110.9984 108.4731 106.9208 106.0411 106.0817 106.6974 107.8468 108.9477 110.0395 111.0572 112.0396 112.619 113.2759 113.6264 113.8257 113.8739 113.7108
-9999 90.29974 89.63681 89.18935 91.21262 93.75587 96.04309 97.99564 99.66564 101.1025 102.0772 102.4817 102.518 102.4991 103.0178 104.48 106.2892 107.4441 108.8456 110.1404 111.2435 112.3734 113.3789 114.2357 114.8535 115.358 115.7551 116.3016 116.8018 117.1776 117.5428 117.672 117.7759 117.6741 117.7525 117.7339 117.7345 117.4791 117.3959 117.2364 116.9024 116.1645 115.3549 114.4405 113.2375 111.8628 110.2169 107.6487 106.3883 105.0472 105.5056 106.253 107.4204 108.7496 110.0913 110.9713 111.7375 112.3343 112.747 112.8732 113.0805 112.9452 112.7333
-9999 89.65936 89.06622 89.34237 90.34486 92.49644 94.93911 96.76608 98.59091 99.92776 100.6346 100.6831 100.4831 100.3822 101.8998 103.7451 105.6455 107.1101 108.6399 110.0252 111.2203 112.4346 113.4877 114.1503 114.7392 115.2427 115.8258 116.1602 116.6116 117.0972 117.4105 117.5254 117.6098 117.5498 117.5309 117.5144 117.4126 117.3437 117.1712 116.8426 116.3937 115.5975 114.7679 113.6331 112.4182 111.1087 109.3714 106.9119 105.8595 104.4461 105.0121 105.9573 107.1412 108.3893 109.7771 110.6488 111.3626 111.9427 112.099 112.1917 112.2045 111.9034 111.7409
-9999 89.11194 89.00221 88.55537 89.03268 90.74902 92.82623 95.04823 97.08429 98.17487 98.69698 98.55983 97.88195 99.34133 101.2357 103.1678 105.2005 106.972 108.5045 109.9081 111.1484 112.3222 113.2981 114.0275 114.7609 115.2208 115.5948 116.0995 116.5302 116.8076 117.1154 117.4367 117.5461 117.5041 117.3684 117.3123 117.1794 117.0356 116.6939 116.2882 115.8466 115.1489 114.1586 112.9619 111.9162 110.3041 108.4704 106.1387 105.0755 103.7292 104.5327 105.6272 106.9464 108.1778 109.2418 110.1502 110.8146 111.2374 111.4937 111.551 111.3828 110.9749 110.5909
-9999 88.7599 88.59866 88.11951 88.07653 89.08969 90.85814 93.02039 94.92204 95.96781 96.11015 95.19148 96.24883 98.95789 101.033 103.0151 104.9878 106.8571 108.4719 109.8234 111.0295 112.1207 113.0595 113.8888 114.4939 115.1638 115.4232 115.9618 116.362 116.5549 116.7594 117.0709 117.1657 117.1694 117.1941 117.1115 116.9073 116.632 116.2611 115.7865 115.3238 114.6237 113.6873 112.3868 111.2081 109.5637 107.7934 105.3752 104.2724 103.3717 104.1011 105.2145 106.5349 107.6508 108.6453 109.5408 110.234 110.6762 110.8689 110.7436 110.3979 109.8902 109.4086
-9999 88.38194 88.16615 87.86652 87.6489 87.52819 88.23198 90.16837 92.09837 93.29562 93.46935 92.92956 96.16044 98.77654 100.7724 102.8734 104.8802 106.7221 108.3457 109.7021 110.8585 111.8924 112.8257 113.6014 114.3009 114.8364 115.2004 115.8078 115.9986 116.3004 116.4232 116.7244 116.9237 116.8433 116.7433 116.6104 116.4028 116.1654 115.8484 115.4582 114.9751 114.0126 112.983 111.6952 110.3949 108.8663 107.0918 104.8119 103.4887 102.8304 103.5689 104.7021 106.0427 107.1844 108.1424 109.0334 109.7201 110.1477 110.2227 109.9533 109.4144 108.8474 108.0848
-9999 88.06922 88.11158 87.95492 87.14141 87.13318 86.87013 87.2548 87.64677 88.64163 89.87424 93.0655 95.72275 98.39919 100.4859 102.6859 104.7598 106.5105 108.1083 109.4287 110.607 111.6815 112.6129 113.3637 114.0181 114.6277 114.9376 115.3558 115.6292 116.045 116.3251 116.4997 116.4985 116.5354 116.4729 116.1645 115.9017 115.6079 115.3787 114.8852 114.2524 113.3268 112.2475 111.0841 109.7582 108.2 106.3688 103.9972 102.867 101.7944 103.1163 104.213 105.4184 106.6971 107.6654 108.4731 109.0937 109.5451 109.4049 108.9239 108.5003 107.7435 106.9089
-9999 87.82111 87.21152 87.57545 87.01278 86.70188 86.3791 86.41171 86.34161 87.26972 89.39936 92.27302 95.52646 98.39645 100.3204 102.375 104.2462 106.3216 107.8282 109.1437 110.3355 111.4248 112.2472 113.0268 113.6724 114.2451 114.6685 115.1422 115.5661 115.7161 115.892 116.1514 116.0849 116.0444 115.9532 115.7286 115.3848 115.0949 114.7334 114.2549 113.4597 112.5562 111.6458 110.4062 109.1663 107.5152 105.6995 103.3315 102.5929 101.5383 102.8688 104.0078 105.0704 106.3075 107.2424 107.9272 108.5862 108.848 108.5874 108.204 107.3588 106.7102 105.8939
-9999 88.79465 88.59713 87.73394 87.84855 87.6169 87.22645 87.0393 86.70615 86.16148 87.72906 91.23975 95.14424 98.2541 100.4157 102.3323 104.0709 105.8385 107.4676 108.7944 109.9846 111.0764 111.907 112.6385 113.3042 113.9312 114.3137 114.8358 115.2248 115.3064 115.5408 115.5869 115.6984 115.7036 115.4186 115.2918 114.9184 114.5481 114.0717 113.4932 112.8592 112.0359 111.1749 109.9011 108.4872 106.951 105.0082 102.6771 101.9196 101.1994 102.6475 103.8947 104.9585 105.9287 106.7769 107.5862 108.1214 108.1927 107.8882 107.2585 106.4459 105.7397 104.6897
-9999 89.74928 88.74892 88.20851 87.73454 87.45108 87.15848 86.68116 86.49187 86.06851 87.73547 91.28669 95.59625 98.07794 100.1957 102.1805 103.8923 105.7193 107.2902 108.507 109.6661 110.6579 111.4904 112.2789 112.9942 113.5347 113.9983 114.4878 114.7901 115.019 115.1489 115.2153 115.3811 115.3186 115.087 114.7974 114.5774 114.086 113.5493 112.9769 112.3093 111.4696 110.4988 109.3753 108.0955 106.5026 104.6702 102.5292 100.9964 100.8644 102.3741 103.4793 104.611 105.6528 106.648 107.3097 107.7995 107.6017 107.0674 106.3191 105.3706 104.4653 103.4061
-9999 90.76212 89.80201 88.57823 87.72632 87.26698 86.92896 86.60343 85.79755 86.62691 89.60053 92.58087 95.50359 97.93742 100.2109 101.9233 103.7265 105.4779 106.9479 108.1808 109.3046 110.3669 111.1749 111.8979 112.5437 113.1213 113.6633 114.1378 114.4942 114.6417 114.8203 115.0071 115.0306 114.8486 114.6889 114.4256 113.972 113.4837 112.9519 112.3935 111.6796 110.8667 109.9243 108.7999 107.4911 105.9351 104.1657 102.2375 100.4304 100.9793 102.0666 103.1352 104.2657 105.3383 106.3273 107.1646 107.3557 107.0455 106.3712 105.3809 104.2751 103.2653 102.3317
-9999 91.72072 90.35583 88.56878 87.6047 86.80399 86.68817 86.13161 85.79907 87.9153 90.35339 92.98534 95.42252 97.78259 99.97318 101.6935 103.6497 105.1633 106.5608 107.7931 108.9636 110.0267 110.8606 111.6949 112.2076 112.9129 113.4828 113.9065 114.0796 114.385 114.5131 114.5972 114.6804 114.5155 114.2851 113.9483 113.4414 112.8071 112.3764 111.7949 111.0917 110.1825 109.2979 108.201 106.8452 105.2743 103.8021 101.8998 100.4298 100.5307 101.6209 102.8545 103.9188 105.0755 106.1429 106.919 106.9309 106.5965 105.6769 104.6317 103.4382 102.2174 101.2707
-9999 92.25961 90.52895 88.68919 87.54282 86.79729 86.31875 85.871 86.64642 88.31153 90.63503 92.98778 95.52097 97.62743 99.71928 101.6874 103.3406 104.8152 106.2688 107.4633 108.5725 109.6146 110.4873 111.3358 112.0323 112.6788 113.2783 113.688 113.9321 114.0632 114.1412 114.2793 114.2586 114.126 113.8242 113.3722 112.783 112.2277 111.8671 111.2907 110.5013 109.5329 108.7264 107.5392 106.064 104.6122 103.3915 101.0436 100.1021 99.87839 101.193 102.4177 103.5771 104.8731 105.9207 106.6117 106.5858 106.0125 105.0993 104.0862 102.8514 101.4076 100.2332
-9999 92.42451 90.61308 88.69558 87.313 86.57936 86.188 85.52536 86.83081 88.4359 90.71336 93.07739 95.43806 97.6058 99.67082 101.3884 102.93 104.3998 105.8832 107.0607 108.3427 109.3251 110.273 111.1023 111.7741 112.3865 112.9912 113.4585 113.6163 113.656 113.7453 113.8946 113.8065 113.606 113.2622 112.7943 112.2697 111.7787 111.2023 110.4729 109.7341 108.877 107.7675 106.6882 105.4081 103.9725 102.5122 100.3834 99.98689 99.82109 100.8797 102.2119 103.411 104.5961 105.6632 106.1984 105.9003 105.4376 104.5586 103.3656 102.0906 100.7651 99.6123
-9999 92.2209 90.2016 88.32404 87.18256 85.88624 85.99719 86.28888 86.89635 88.38255 90.53536 93.06184 95.18142 97.32813 99.39376 101.1418 102.6774 104.1276 105.5532 106.8635 108.012 109.0455 109.9822 110.764 111.5053 112.1545 112.6702 113.1055 113.2116 113.3457 113.3926 113.4524 113.2237 112.9613 112.626 112.1594 111.6272 111.1212 110.5229 109.895 109.0114 108.083 106.9952 105.7583 104.4449 103.2129 101.6673 99.83267 99.48824 100.0284 100.8318 102.1184 103.337 104.5208 105.4166 105.7296 105.4605 105.0088 104.0398 102.8179 101.5356 100.1363 98.79787
-9999 91.74267 89.75964 87.91408 85.81369 85.23367 85.9658 86.04138 86.98992 88.54349 90.83192 93.15237 95.10156 97.19067 99.10815 100.9863 102.5731 104.0499 105.2925 106.6544 107.7998 108.7999 109.7932 110.5394 111.2063 111.875 112.3633 112.6431 112.8793 112.9348 112.8918 112.8278 112.52 112.178 111.7821 111.6354 111.2023 110.4809 109.9432 109.2172 108.3375 107.3286 106.1603 104.8369 103.4827 102.1098 100.962 99.26513 99.14047 99.93203 101.0717 102.0516 103.3101 104.4952 105.2349 105.1593 105.1743 104.7384 103.6381 102.3491 100.9781 99.44222 98.12944
-9999 90.85021 89.21435 87.23955 85.18886 85.83443 85.94659 86.14288 86.92226 88.50082 90.98371 93.03319 95.30059 97.2821 99.1871 100.8973 102.5222 103.9844 105.2081 106.4794 107.649 108.4576 109.5506 110.3004 110.9268 111.5925 111.9686 112.2895 112.455 112.4471 112.3325 112.0966 111.8299 111.3767 111.0642 110.8899 110.4876 109.7874 109.336 108.4561 107.6148 106.6203 105.3163 103.8746 102.5262 101.0439 100.0817 98.533 98.84663 99.9549 101.239 102.2339 103.3242 104.4601 105.1411 105.1706 104.9122 104.4272 103.2934 101.9907 100.6456 99.06335 97.6375
-9999 90.08425 88.68431 87.48643 85.42812 85.69361 85.75761 85.94384 87.16091 88.93363 90.97305 93.30477 95.50572 97.31716 99.19655 100.7553 102.432 103.91 105.1746 106.4368 107.5197 108.3351 109.2598 110.0736 110.7226 111.2157 111.5699 111.8878 112.0268 111.8406 111.6324 111.4535 111.1792 110.6893 110.4888 110.1611 109.6686 109.1257 108.557 107.8462 106.7992 105.8025 104.3644 102.9797 101.6508 100.1039 99.08347 98.533 98.78081 100.0585 101.3302 102.414 103.3729 104.3279 104.9963 104.8036 104.59 104.1447 103.0242 101.7237 100.1868 98.7299 97.29704
-9999 89.47252 87.99424 86.51717 84.95051 85.69848 85.65794 86.41171 87.73547 89.30914 91.61709 93.69857 95.85411 97.42109 99.09719 100.6834 102.3759 103.807 105.1121 106.3136 107.3475 108.2153 109.0346 109.7768 110.4809 110.8527 111.1932 111.316 111.224 111.1551 110.9073 110.6772 110.4668 110.1169 109.8313 109.2641 108.8932 108.4091 107.6767 106.8824 105.8887 104.7802 103.646 102.2763 100.8227 99.28281 98.54794 98.36109 98.65919 99.98476 101.378 102.4585 103.507 104.4534 105.0137 104.8094 104.5025 103.7954 102.5963 101.3701 99.82291 98.24009 96.63593
-9999 88.58006 87.01157 85.73293 84.78286 85.53419 85.7439 86.81985 88.44504 90.23726 92.09197 93.93662 95.66056 97.30557 99.0027 100.6889 102.2796 103.757 105.1685 106.2298 107.2274 108.0705 108.8133 109.5521 110.1367 110.5406 110.6576 110.689 110.7067 110.4696 110.2629 109.9816 109.7591 109.4942 109.0483 108.4296 108.2198 107.5658 106.8303 105.961 104.9088 103.8259 102.7389 101.2994 99.77719 98.56074 97.89323 97.64421 98.68723 100.2786 101.5929 102.5905 103.5204 104.3803 104.9551 104.8701 104.3205 103.4491 102.1866 100.7852 99.30598 97.62988 96.07571
-9999 87.39439 86.16788 85.18459 84.66978 85.25591 85.26109 86.92286 88.60018 90.76274 92.20566 94.14358 95.85229 97.69846 99.19564 100.7419 102.2327 103.7655 104.9686 106.0475 107.0619 107.8203 108.4948 109.1004 109.6341 110.0182 110.2901 110.1791 110.0459 109.8152 109.6314 109.3095 108.9517 108.6316 108.1961 107.8669 107.3667 106.7233 105.9354 104.9618 103.9706 102.8157 101.5981 100.1439 98.90547 97.90542 97.60733 97.31685 98.70216 100.5465 101.7316 102.7673 103.5726 104.2565 104.7308 104.7506 104.052 102.9998 101.7718 100.3444 98.72381 97.07667 95.41673
-9999 86.51109 85.88411 85.27573 85.48055 85.11022 85.09163 87.0582 88.9949 90.84016 92.65219 94.40388 95.98853 97.79568 99.35535 100.8065 102.3116 103.6661 104.7972 105.8988 106.7525 107.4585 108.0537 108.6545 109.0389 109.3208 109.6213 109.5448 109.2504 109.0562 108.9828 108.6758 108.2592 107.8139 107.3506 107.0272 106.4959 105.718 104.9189 103.9761 102.8685 101.6761 100.4002 98.96399 97.90786 97.15257 96.68164 97.2309 98.99538 100.6995 101.9739 102.7975 103.6177 104.1816 104.5534 104.4614 103.6424 102.5807 101.3396 99.85979 98.22851 96.45304 94.97081
-9999 86.12642 85.55706 85.2998 84.60365 85.26963 84.82858 86.64611 88.9888 90.92702 92.74516 94.52061 96.16502 98.04807 99.55439 100.9866 102.3762 103.7128 104.7049 105.7287 106.5209 107.1024 107.5213 108.143 108.525 108.7374 108.8541 108.7877 108.432 108.1644 108.0577 107.8513 107.3475 106.9434 106.5864 106.107 105.5364 104.6906 103.8548 102.9233 101.6791 100.3298 99.15296 97.85422 96.87458 96.35674 96.16409 97.27235 99.31025 100.8803 102.1068 102.8816 103.6591 104.1611 104.479 104.2383 103.4452 102.2842 100.8705 99.33828 97.69328 95.83949 94.97111
-9999 85.89204 85.97859 85.44794 84.77037 84.88162 85.08218 85.67532 88.69222 91.16354 92.94144 94.66723 96.41007 98.24405 99.71928 101.1579 102.5314 103.6972 104.6881 105.5873 106.3295 106.8705 107.2826 107.6096 107.9513 108.1601 108.1714 107.9748 107.6761 107.5615 107.2823 106.8632 106.4185 106.0588 105.704 105.0304 104.2526 103.5573 102.7709 101.6849 100.5035 99.33675 98.05142 96.82337 96.02969 95.88276 96.07022 97.62225 99.94301 100.9943 102.1229 102.8389 103.6628 104.2014 104.1816 104.0429 103.1666 102.0388 100.6072 98.98136 97.23242 95.26829 93.69674
-9999 85.73658 86.17641 86.26084 84.92917 85.75487 85.16417 87.19932 89.17473 91.52107 93.26606 94.94429 96.66672 98.37878 99.8982 101.3183 102.6185 103.6616 104.6772 105.4715 106.0762 106.4337 106.8824 107.1658 107.3881 107.5027 107.385 107.2853 107.0592 106.8467 106.4953 105.9174 105.5504 105.1206 104.5696 104.0136 103.4214 102.7045 101.5386 100.395 99.20478 98.07093 97.19615 96.06016 95.35881 95.4911 96.77035 98.29099 100.3216 101.1122 102.0726 102.9057 103.532 104.2084 104.0468 103.8152 102.909 101.7971 100.2838 98.78172 96.9267 94.93148 93.65925
-9999 85.54365 85.29432 85.17575 84.52287 84.45886 84.45094 86.91768 89.66363 91.88805 93.56902 95.2177 96.91421 98.4632 99.92807 101.5149 102.6896 103.6936 104.5464 105.3057 105.7437 106.2137 106.4487 106.6212 106.7507 106.6913 106.6257 106.5889 106.4746 106.2109 105.683 105.0615 104.707 104.2254 103.5735 102.8026 102.1083 101.1427 100.2249 99.09689 97.72467 96.41708 95.78249 95.14697 95.23263 95.9547 97.31228 99.04172 100.4221 101.1814 102.073 103.0184 103.5823 104.0776 103.8411 103.618 102.6502 101.5475 100.0997 98.41261 96.70695 95.01347 93.28496
