geomorphology_exercises/data.txt
nrows 50
cellsize 200.0
xllcorner 0.0
ncols 100
yllcorner 0.0
[rows 17 to 33 of 50, columns 37 to 73 of 100]
5.000003399425397532e+01 5.000003517825989974e+01 5.000002036005271577e+01 5.000002665433524385e+01 5.000000659238973810e+01 5.000000358225857866e+01 5.000000807803041880e+01 5.000003548731172742e+01 5.000007333402638210e+01 5.000011079171978423e+01 5.000007569360289494e+01 5.000006664358988928e+01 5.000005173814385984e+01 5.000002904633953449e+01 5.000001865270556323e+01 5.000001674891469605e+01 5.000003389984475888e+01 5.000004733541190660e+01 5.000005015290830812e+01 5.000005271277904484e+01 5.000006676276505857e+01 5.000006134645812494e+01 5.000007966751032740e+01 5.000005017290275333e+01 5.000007670016855599e+01 5.000007710600507949e+01 5.000008441607158005e+01 5.000003693282435790e+01 5.000001276869490141e+01 5.000000593822258566e+01 5.000000604106411828e+01 5.000002305837364958e+01 5.000003959625833971e+01 5.000002270388660008e+01 5.000001611518289479e+01 5.000003457011690955e+01 5.000003531291787340e+01
5.000004274921052172e+01 5.000005765340605990e+01 5.000003336333244874e+01 5.000001296109338256e+01 5.000001941058528132e+01 5.000000345477991459e+01 5.000001937298866039e+01 5.000001332907590523e+01 5.000005230312714843e+01 5.000007499340050998e+01 5.000004316828361794e+01 5.000005612501607999e+01 5.000004304094544239e+01 5.000001703966818667e+01 5.000001634294456210e+01 5.000002717178330869e+01 5.000001585207359511e+01 5.000003187402700178e+01 5.000005291576219690e+01 5.000001711845158070e+01 5.000003558446579888e+01 5.000001793566485020e+01 5.000004093837189600e+01 5.000002215566107822e+01 5.000005818017686465e+01 5.000004555020939279e+01 5.000007594787488330e+01 5.000006602428620539e+01 5.000003973844556526e+01 5.000000735587767764e+01 5.000002344694262035e+01 5.000004066282568971e+01 5.000000828401942954e+01 5.000000404112399366e+01 5.000000337740331702e+01 5.000001589332848795e+01 5.000004928722903230e+01
5.000007252737879071e+01 5.000004854395469067e+01 5.000002349460671525e+01 5.000002903262364384e+01 5.000002905210354953e+01 5.000001483333399221e+01 5.000000340254046449e+01 5.000001190095225923e+01 5.000003945394478677e+01 5.000004807150815367e+01 5.000004505853176795e+01 5.000002873795044422e+01 5.000002204520789206e+01 5.000004404788171541e+01 5.000003246762926779e+01 5.000001968157857846e+01 5.000001264017138425e+01 5.000002652000921444e+01 5.000002443463083779e+01 5.000001020457126799e+01 5.000001006234560919e+01 5.000001692319154500e+01 5.000001112119823432e+01 5.000003440159758838e+01 5.000004290102896221e+01 5.000002414441847520e+01 5.000004760856314334e+01 5.000004456956809662e+01 5.000003232398876207e+01 5.000002213798874351e+01 5.000005536427499209e+01 5.000007166853981744e+01 5.000003273585767261e+01 5.000000553925585933e+01 5.000000333383577811e+01 5.000001669083818001e+01 5.000003455102024930e+01
5.000004484082463563e+01 5.000004342511416411e+01 5.000003672177518865e+01 5.000003488955336906e+01 5.000002229502526063e+01 5.000003837881426705e+01 5.000000543698241273e+01 5.000003134593536913e+01 5.000004081829046498e+01 5.000001530264414384e+01 5.000004401702366152e+01 5.000004682021403823e+01 5.000005067587024143e+01 5.000006213838791780e+01 5.000005750209736988e+01 5.000002275060816004e+01 5.000000941737675220e+01 5.000002371777459587e+01 5.000001606952543654e+01 5.000002543263065746e+01 5.000000969401816064e+01 5.000000969417272501e+01 5.000000972613322148e+01 5.000001872125630342e+01 5.000002284097167404e+01 5.000002224094095027e+01 5.000002491659474657e+01 5.000004830776373410e+01 5.000006421912789278e+01 5.000004118109097107e+01 5.000004561027172656e+01 5.000005685105340802e+01 5.000005404383988861e+01 5.000002307431921622e+01 5.000000339204753885e+01 5.000000741376480562e+01 5.000003747664511167e+01
5.000004604430072419e+01 5.000006806007026938e+01 5.000003395280369745e+01 5.000000571255540649e+01 5.000000444954800116e+01 5.000001784579888664e+01 5.000003238377894377e+01 5.000004946065630662e+01 5.000001769223012360e+01 5.000000868657597408e+01 5.000002553745633094e+01 5.000004993346588833e+01 5.000004676516720536e+01 5.000006393030390939e+01 5.000002412197913060e+01 5.000000932526670283e+01 5.000000932445192348e+01 5.000001074459876804e+01 5.000002792331036972e+01 5.000004264234572560e+01 5.000002633618953496e+01 5.000002146005057568e+01 5.000000971088303459e+01 5.000002200191621426e+01 5.000003747236669227e+01 5.000001878381975473e+01 5.000002724916443952e+01 5.000005683121282374e+01 5.000005101576764588e+01 5.000004159655123459e+01 5.000004531966794730e+01 5.000003602063543440e+01 5.000001061648983836e+01 5.000000417101973227e+01 5.000001566650924190e+01 5.000004124610901357e+01 5.000007360012087076e+01
5.000003596136912165e+01 5.000003256388077233e+01 5.000000766469776181e+01 5.000000437222354321e+01 5.000000658014408828e+01 5.000000572364157136e+01 5.000002936139374299e+01 5.000005392663933890e+01 5.000005313857030842e+01 5.000003271530697191e+01 5.000000451980521632e+01 5.000001485833434600e+01 5.000001508267364159e+01 5.000002348144955988e+01 5.000002725098732981e+01 5.000000934147409026e+01 5.000002079659888210e+01 5.000000962891361667e+01 5.000001135938691732e+01 5.000003781878265841e+01 5.000004007985053534e+01 5.000001236130982107e+01 5.000000974816071420e+01 5.000001097390900640e+01 5.000001305699930754e+01 5.000002801040462685e+01 5.000002335735717196e+01 5.000003778280338196e+01 4.997741539585975090e+01 4.993213209969702859e+01 5.000003481329200383e+01 5.000002551014024732e+01 5.000003089915335863e+01 5.000001635316664306e+01 5.000000822736063810e+01 5.000002490656853382e+01 5.000003899160630993e+01
5.000003400767889872e+01 5.000001810042766692e+01 5.000002173022783580e+01 5.000000441939165796e+01 5.000001497990589883e+01 5.000001082670863894e+01 5.000003345871459715e+01 5.000003512051674193e+01 5.000004350345646742e+01 5.000004689665168911e+01 5.000001907295001047e+01 5.000000347674809831e+01 5.000001913410787324e+01 5.000002628186761200e+01 5.000000978647966576e+01 5.000002972510910126e+01 5.000005290211973374e+01 5.000001512749478394e+01 5.000004194957650583e+01 5.000004393111377965e+01 5.000003521886641522e+01 5.000001184795528530e+01 5.000002122005760441e+01 5.000002129365204695e+01 5.000003537835950596e+01 5.000001703320383228e+01 5.000002165527158127e+01 5.000003974202776647e+01 4.994539485383491240e+01 4.983609012299618257e+01 4.979298877535016032e+01 5.000005116447614029e+01 5.000003811173757384e+01 5.000002887561976195e+01 5.000002769875637654e+01 5.000001798806925990e+01 5.000001253827714720e+01
5.000003262247659563e+01 5.000004042263908133e+01 5.000003845262216373e+01 5.000002116337994806e+01 5.000003315552719130e+01 5.000003070278074802e+01 5.000001562382843190e+01 5.000001825717749426e+01 5.000002228088256118e+01 5.000003360116625828e+01 5.000002392623110836e+01 5.000000359213874646e+01 5.000000800276197310e+01 5.000003301840150982e+01 5.000002720440454596e+01 5.000001306228114828e+01 5.000003208923040177e+01 5.000005199574553671e+01 5.000007412141949459e+01 5.000002615133962536e+01 5.000002569600217583e+01 5.000003565221077650e+01 5.000006443734304895e+01 5.000006260734152619e+01 5.000005568261320832e+01 5.000002276490417330e+01 4.959253575025724103e+01 4.948001979593031763e+01 4.959253936540045515e+01 4.967213762412755784e+01 4.937885050233985851e+01 5.000004156646925679e+01 5.000001966330064818e+01 5.000001225070494826e+01 5.000001152777311830e+01 5.000001148365531378e+01 5.000001906792824258e+01
5.000004576277702029e+01 4.990489606504296205e+01 4.971456554015686180e+01 4.974795294756896880e+01 4.991603300805465437e+01 5.000003075418647569e+01 5.000002089696259588e+01 5.000003297887102605e+01 5.000002352805481109e+01 5.000004458625605253e+01 5.000004337144196143e+01 5.000000921245925412e+01 5.000004262385099452e+01 5.000004421740599980e+01 5.000006066122668358e+01 5.000003056386601230e+01 5.000003197985027015e+01 5.000007619969192518e+01 5.000006223499450186e+01 5.000002817975924785e+01 5.000000730452455144e+01 5.000001429583222290e+01 5.000003377566834217e+01 5.000003751509495231e+01 5.000006545618075648e+01 4.961927754744551322e+01 4.922003226958683086e+01 4.843990635852493654e+01 4.909811636722865558e+01 4.929327855107135292e+01 4.914320704415766272e+01 4.871476822418871677e+01 5.000004130566291849e+01 5.000001376642349982e+01 5.000001495959725872e+01 5.000001148319070410e+01 5.000002439140937582e+01
4.969252224587293654e+01 4.977032380024322578e+01 4.931085297304868220e+01 4.939145942035645476e+01 4.979719201493157499e+01 5.000003391283922127e+01 5.000002101961437262e+01 5.000004045039126765e+01 5.000004283609172973e+01 5.000006232687191954e+01 5.000005985048767343e+01 5.000005672133912071e+01 5.000003848870360912e+01 5.000007025829589224e+01 5.000006919925729676e+01 5.000004936193018068e+01 5.000006417250533275e+01 5.000005751465164394e+01 5.000002230547385551e+01 5.000005721713333173e+01 5.000002176669934073e+01 5.000000550667810728e+01 5.000000593064367393e+01 5.000002236091707886e+01 5.000006255901115537e+01 4.951416682864599039e+01 4.854230817340398829e+01 4.701369258181860289e+01 4.729419927984393723e+01 4.845324590237956386e+01 4.742949717033078372e+01 4.914320228832308146e+01 5.000002205158999402e+01 5.000003447636154874e+01 5.000001723386086638e+01 5.000001384108898606e+01 5.000002545965025291e+01
4.907746909853921835e+01 4.954058910695344764e+01 4.862168376596060426e+01 4.954058733239898515e+01 4.984108602549628131e+01 4.983871616792966819e+01 5.000004082537245154e+01 5.000006337842963688e+01 4.994649497692345363e+01 4.994648597849218419e+01 4.998220439178813024e+01 4.984129851262810718e+01 5.000008078686654045e+01 5.000007960208679947e+01 5.000004872912578691e+01 5.000004637502750882e+01 5.000005871349841158e+01 5.000004605541965930e+01 5.000001286666601885e+01 5.000001733982822572e+01 5.000000572651968866e+01 5.000002096029740528e+01 5.000002328425483711e+01 5.000005844886994311e+01 4.989027324160110766e+01 4.870686521893446752e+01 4.825233603445242636e+01 4.765029876563243505e+01 4.457701135315679153e+01 4.535514371151116819e+01 4.797277102490915013e+01 4.932430778611496436e+01 4.964019133345554735e+01 5.000005418578390959e+01 5.000004072401064548e+01 5.000002439747598970e+01 5.000002812532819974e+01
4.815491997451233885e+01 4.872749582457634432e+01 4.782590398718296854e+01 4.927532332961740025e+01 4.957522879843825336e+01 4.951601768014866423e+01 4.983872200584208656e+01 4.990824413033039519e+01 4.983934085284807480e+01 4.991610330296819598e+01 4.969967744340943483e+01 4.952372004103487768e+01 4.969970916517745962e+01 4.969994597220542687e+01 5.000006484227873926e+01 5.000004705203260613e+01 5.000004629914299414e+01 5.000004429523029614e+01 5.000002819228524231e+01 5.000000719681631267e+01 5.000002732886891721e+01 5.000004799812722212e+01 4.958674764857135386e+01 4.957974678584258044e+01 4.945116622808718887e+01 4.834972566189195220e+01 4.504907221297116138e+01 4.571588716347594783e+01 4.224385805681961870e+01 4.703773008831566216e+01 4.909466807420820800e+01 4.862239516893529867e+01 4.954085401900731256e+01 4.963149346051297073e+01 4.953719307085408019e+01 5.000004446371254119e+01 5.000006228800467056e+01
4.797699631491190075e+01 4.618243130330431256e+01 4.910051815650688667e+01 4.885213464443898346e+01 4.872562503837960435e+01 4.946352987268370782e+01 4.965040859175725529e+01 4.972459471476788195e+01 4.967863948393934237e+01 4.989292256658013969e+01 4.943102580993568296e+01 4.885007018210345819e+01 4.943227864323188214e+01 4.909964968680336028e+01 4.943227419404176715e+01 4.973653345397607239e+01 5.000005721815482929e+01 4.976219802979782258e+01 5.000005390052382381e+01 5.000003312583927340e+01 5.000002527151708165e+01 4.958674705192920129e+01 4.876015516117107040e+01 4.898537983631194948e+01 4.835338282867449067e+01 4.831358578106578250e+01 4.575404152688507509e+01 3.916535874297675690e+01 4.387663428995277570e+01 4.694841175566102720e+01 4.656018762978250436e+01 4.830049114299912816e+01 4.874485580812967100e+01 4.889432370379028470e+01 4.861148192604233031e+01 4.953720108620195361e+01 4.969574595532863270e+01
4.393094389817239431e+01 4.779826365505078911e+01 4.820278849589645631e+01 4.655635156802581776e+01 4.758578027304103841e+01 4.839052213475412856e+01 4.895115671826589221e+01 4.933506414128135731e+01 4.972458927557720898e+01 4.990823823498043055e+01 4.927386970819481604e+01 4.782150332696755157e+01 4.855088319589348345e+01 4.782629591133679980e+01 4.899120016582166670e+01 4.966376782297823667e+01 4.971294759657536133e+01 4.963364071621489160e+01 4.908940665368533729e+01 4.926720380253042464e+01 4.975575333812086143e+01 4.910952220517252442e+01 4.732848576075654989e+01 4.910952178659513834e+01 4.835340576060196582e+01 4.506009734099599484e+01 4.354353798130108544e+01 3.659811383257745376e+01 4.500580149468095215e+01 4.588748638250774547e+01 4.356011476732550136e+01 4.519450623710606862e+01 4.668291461012868382e+01 4.746918471760034919e+01 4.664778585555697532e+01 4.861147995418752998e+01 4.942354944521828486e+01
4.157077291386870144e+01 4.700305072294866449e+01 4.460832761415856140e+01 4.935757289395385072e+01 4.918018144859019714e+01 4.939141181983107742e+01 4.956471261671263306e+01 4.926458495099416268e+01 4.942371286817525800e+01 4.921811816238739823e+01 4.838101964082029838e+01 4.628105752615974922e+01 4.565257114952930806e+01 4.814627022500908282e+01 4.945856096785706058e+01 4.957575232738316373e+01 4.963363558930843311e+01 4.890080216568884452e+01 4.780157874682261365e+01 4.857631388602089828e+01 4.938526701727278123e+01 4.815571151575167619e+01 4.554746649313582907e+01 4.851583220826089615e+01 4.830974336790463752e+01 4.492918941342559691e+01 3.921851482453053706e+01 3.378578261893677848e+01 4.124709725285788409e+01 4.018770985029861720e+01 3.885200143048888322e+01 4.220645426181955884e+01 4.445888156600284447e+01 4.240752119634656481e+01 4.685509926341583053e+01 4.895172645875651085e+01 4.950598042170149427e+01
3.852633757894696487e+01 4.167347100473797639e+01 4.915468574542580171e+01 4.874592393702068449e+01 4.754049099530246991e+01 4.817417258656364965e+01 4.869407758706334732e+01 4.779365004728314403e+01 4.845031665429264933e+01 4.827154665771954711e+01 4.700646992589221185e+01 4.380174954016789002e+01 4.290300340057354589e+01 4.718677155510504662e+01 4.837560936332076267e+01 4.857434238295444118e+01 4.860593666207776664e+01 4.862103744177038323e+01 4.864943056045262182e+01 4.572887475232710841e+01 4.854932291838487401e+01 4.827698355509448902e+01 4.307763716192775405e+01 4.819971361611734295e+01 4.826234868466258376e+01 4.658594413282963842e+01 4.478791887725366649e+01 4.065723712571826809e+01 2.990542571231885560e+01 3.166802612490440794e+01 4.074559704983303021e+01 3.661762615774408403e+01 3.634622789418798305e+01 4.347464254893352376e+01 4.782489663749430520e+01 4.861396742547177752e+01 4.858329305121071684e+01
4.431278510626709277e+01 4.733565588222782594e+01 4.746402826328240110e+01 4.773471565774864445e+01 4.519877197340723285e+01 4.771983518301365024e+01 4.722833160351996185e+01 4.548979586085297200e+01 4.535081042014663666e+01 4.504562581686171541e+01 4.326325111544792179e+01 4.371672715343809301e+01 3.922966665339085068e+01 4.640989785822542757e+01 4.878253007434996391e+01 4.572296665411955274e+01 4.581774682566155121e+01 4.586307123809280739e+01 4.594821797928615581e+01 4.315328132521370463e+01 4.564789667670825679e+01 4.483088481307431294e+01 3.937747075810231934e+01 4.459908592869661703e+01 4.478695721587806133e+01 4.640609695485528619e+01 4.635789711059645413e+01 4.118772493406995494e+01 3.599561055156962652e+01 2.582335347687101290e+01 3.582507306224220400e+01 2.912977542937981923e+01 4.047321488843196846e+01 4.442920044798191981e+01 4.469362164489365341e+01 4.707492707252207254e+01 4.574979912004558713e+01
