geomorphology_exercises/data.txt
nrows 50
cellsize 200.0
xllcorner 0.0
ncols 100
yllcorner 0.0
[rows 0 to 16 of 50, columns 37 to 73 of 100]
9.622512986681518556e-04 4.548388802235830931e-04 7.491058376636965631e-04 9.566720619489735029e-04 6.339956052281321957e-04 4.860539652320991803e-04 8.443499569681890346e-04 1.050117601437763350e-04 3.923856006097435037e-04 4.647342934629980016e-04 5.590886442839418553e-04 4.612385432508072855e-04 9.723273483755056788e-04 3.977830840515788171e-04 6.947474668122155181e-05 7.258737614449453255e-04 3.591925696059045298e-04 3.520818508441749743e-04 6.102473916092945394e-04 5.478006338367831692e-04 8.729120701893078099e-05 7.655008904060049083e-04 8.054592334836459516e-04 7.317763946234094249e-04 7.463225024575424792e-04 7.394972302950464176e-05 8.420537657217633904e-04 3.717933642544935208e-04 3.279681307523130986e-04 1.752286385179869751e-04 7.981196900871817546e-04 8.410764073187597303e-04 2.356555701548476028e-04 2.131121188309789130e-04 3.459222882432472224e-04 3.956804563178712721e-04 4.690792353249658526e-04
5.000006954135046300e+01 5.000008274997129121e+01 5.000005514943758556e+01 5.000003528808974806e+01 5.000003394189357664e+01 5.000004582348569926e+01 5.000008615217266339e+01 5.000007559995223261e+01 5.000006915924125650e+01 5.000008469100439612e+01 5.000007792059618339e+01 5.000003772213183595e+01 5.000003073565058997e+01 5.000003737134444037e+01 5.000006204228165529e+01 5.000006110522533476e+01 5.000003541315151523e+01 5.000000934651603046e+01 5.000002048922166864e+01 5.000001544511680152e+01 5.000001357716281092e+01 5.000004164397450523e+01 5.000006946454995926e+01 5.000005318447634295e+01 5.000006507705063541e+01 5.000006659543281273e+01 5.000004332404923701e+01 5.000003155998727777e+01 5.000001577667881492e+01 5.000002429596920450e+01 5.000003281860340110e+01 5.000001455700310515e+01 5.000002818083326162e+01 5.000005211425216345e+01 5.000004348357772699e+01 5.000002898057567791e+01 5.000002382988846961e+01
5.000004425280963716e+01 5.000006272986923506e+01 5.000006291387983026e+01 5.000003823700150463e+01 5.000003379801632519e+01 5.000004693174724935e+01 5.000006575399732611e+01 5.000005918061224719e+01 5.000005779444767029e+01 5.000007158732561408e+01 5.000006619273858632e+01 5.000005962174621033e+01 5.000003255777184563e+01 5.000003006646706183e+01 5.000004668524683638e+01 5.000003839653916771e+01 5.000004624343874582e+01 5.000001695563418735e+01 5.000000563180100244e+01 5.000000568765433684e+01 5.000001386745709198e+01 5.000001987743137022e+01 5.000005416502634858e+01 5.000001848931275106e+01 5.000005593197865039e+01 5.000005445770035095e+01 5.000001977700613054e+01 5.000001537054161815e+01 5.000001524960056543e+01 5.000001968018979426e+01 5.000001836022932622e+01 5.000001409113525597e+01 5.000001409923683582e+01 5.000002701560315899e+01 5.000004546848722242e+01 5.000005942030374939e+01 5.000002693989710423e+01
5.000004310714535194e+01 5.000004350220901728e+01 5.000005985612367709e+01 5.000004821503458174e+01 5.000003380222863569e+01 5.000004671268839473e+01 5.000007025700998042e+01 5.000007327668561885e+01 5.000005779704852671e+01 5.000006417243031365e+01 5.000006167501896215e+01 5.000004441966575541e+01 5.000004123812443879e+01 5.000003006252193671e+01 5.000003966623899032e+01 5.000002963141549372e+01 5.000004362600525099e+01 5.000002598387903419e+01 5.000001157863088252e+01 5.000001920048567428e+01 5.000002995868548084e+01 5.000001445422669377e+01 5.000002709668761725e+01 5.000001521964938433e+01 5.000003717994454178e+01 5.000005460291793469e+01 5.000002160571654031e+01 5.000002601646818334e+01 5.000001524544369857e+01 5.000002392306132037e+01 5.000001499311046160e+01 5.000001409933263830e+01 5.000002334046687480e+01 5.000002746909454032e+01 5.000006285567813791e+01 5.000005803584376451e+01 5.000001841400369074e+01
5.000005660872459146e+01 5.000004305523424364e+01 5.000005072252891836e+01 5.000003474577806628e+01 5.000004579091173440e+01 5.000006170964539365e+01 5.000007060255511249e+01 5.000006402166268771e+01 5.000005048680709052e+01 5.000005978359924086e+01 5.000006301778721962e+01 5.000007153636220636e+01 5.000005236646149598e+01 5.000003268261974654e+01 5.000006232495962166e+01 5.000004703877710455e+01 5.000001864956005448e+01 5.000002852760898264e+01 5.000001446350586320e+01 5.000002669113624876e+01 5.000002288984788379e+01 5.000001269436695850e+01 5.000001450177806106e+01 5.000001581810696649e+01 5.000004109798589269e+01 5.000007412582962729e+01 5.000003504392717701e+01 5.000002287895031827e+01 5.000002145935050635e+01 5.000004700082232745e+01 5.000003604441933192e+01 5.000001450627260624e+01 5.000003303653895159e+01 5.000006861658144430e+01 5.000006838201938564e+01 5.000004380912174895e+01 5.000005413502890406e+01
5.000005433779977437e+01 5.000004320200897467e+01 5.000004653872025528e+01 5.000003739337367392e+01 5.000006424849674858e+01 5.000006142514407514e+01 5.000004028958770874e+01 5.000002968011291671e+01 5.000005261040934101e+01 5.000003414618544184e+01 5.000003710641760790e+01 5.000006504610997382e+01 5.000004965710155602e+01 5.000006430257914047e+01 5.000005518401747651e+01 5.000007163068627136e+01 5.000003735087402390e+01 5.000001233424546143e+01 5.000001039490748411e+01 5.000000979408606838e+01 5.000000964030167694e+01 5.000001841840941097e+01 5.000001450142781323e+01 5.000002806288223667e+01 5.000005277635492007e+01 5.000005366960382247e+01 5.000004086686108451e+01 5.000004807620916125e+01 5.000005311407156938e+01 5.000006685482620838e+01 5.000003612089015093e+01 5.000001574835379614e+01 5.000001926756423387e+01 5.000003933938992873e+01 5.000006324088175091e+01 5.000004859531613732e+01 5.000004390713083069e+01
5.000006034746336780e+01 5.000004983617770193e+01 5.000007331534406063e+01 5.000006330055805392e+01 5.000007359714000188e+01 5.000005928461876437e+01 5.000007147654720541e+01 5.000005095996142757e+01 5.000001436485792539e+01 5.000000990886250918e+01 5.000000829388715573e+01 5.000003600346707344e+01 5.000002014926831606e+01 5.000004912926223710e+01 5.000002875026922311e+01 5.000004347203644528e+01 5.000004659603377632e+01 5.000001421909682620e+01 5.000002561270180479e+01 5.000002485800591501e+01 5.000000963228194450e+01 5.000001722609909649e+01 5.000002580344982306e+01 5.000003354824802670e+01 5.000001585169619744e+01 5.000004665389261760e+01 5.000004363272048380e+01 5.000005494757858315e+01 5.000005227907057304e+01 5.000002680919452303e+01 5.000001847951581624e+01 5.000002337229439320e+01 5.000004129479610526e+01 5.000005372756660194e+01 5.000009059722826521e+01 5.000006414392747445e+01 5.000004815413420545e+01
5.000002262253229901e+01 5.000004471615871182e+01 5.000006972759099000e+01 5.000007897132769585e+01 5.000005363773009037e+01 5.000006528317415899e+01 5.000010245257013963e+01 5.000006690996766423e+01 5.000002258356926177e+01 5.000000173556359329e+01 5.000000124418038894e+01 5.000000417875967429e+01 5.000001560519130095e+01 5.000003682690648077e+01 5.000002717231613758e+01 5.000002054622090242e+01 5.000003032069530917e+01 5.000001058328390968e+01 5.000002451019704353e+01 5.000003938826652217e+01 5.000001405852097491e+01 5.000004074477549665e+01 5.000001317902730591e+01 5.000001674775316474e+01 5.000000555387717327e+01 5.000001091311767709e+01 5.000004827064559976e+01 5.000006997087666605e+01 5.000005792321673681e+01 5.000005519272253451e+01 5.000004152257707091e+01 5.000002163446882264e+01 5.000003304094065015e+01 5.000006074832922565e+01 5.000008314383465091e+01 5.000005383375670220e+01 5.000004815256967561e+01
5.000001389744347335e+01 5.000001636963892082e+01 5.000003629270852912e+01 5.000004718621774913e+01 5.000001507741115603e+01 5.000002772495320613e+01 5.000006067578517843e+01 5.000004720212807285e+01 5.000001164099277418e+01 5.000001411284699060e+01 5.000000121646128548e+01 5.000001129593068327e+01 5.000003740481623993e+01 5.000002769344889231e+01 5.000003191332942976e+01 5.000003546019061673e+01 5.000001162885987327e+01 5.000001044412340434e+01 5.000001097831790275e+01 5.000002106038120075e+01 5.000003750836516048e+01 5.000004639834757825e+01 5.000001593754164730e+01 5.000000390561591246e+01 5.000002104514350521e+01 5.000001448310398189e+01 5.000003319019629799e+01 5.000007214117111687e+01 5.000007142055918763e+01 5.000004226915656602e+01 5.000002579621841647e+01 5.000003058752993468e+01 5.000005296524854259e+01 5.000006901826203176e+01 5.000007272787217971e+01 5.000007080534565773e+01 5.000005083885890400e+01
5.000002945951679578e+01 5.000003986239860865e+01 5.000005167490175495e+01 5.000005945429408172e+01 5.000003492227323676e+01 5.000000918747109324e+01 5.000002630130872205e+01 5.000002661073212806e+01 5.000001260299037398e+01 5.000001496243153554e+01 5.000000121428443833e+01 5.000001704390128765e+01 5.000003292372456798e+01 5.000003058105982490e+01 5.000003898379659262e+01 5.000001608223371363e+01 5.000003682849403930e+01 5.000002207138867050e+01 5.000003786922616911e+01 5.000001541421322315e+01 5.000004350036209644e+01 5.000004394158850118e+01 5.000000669345801896e+01 5.000000389680538859e+01 5.000000434182680209e+01 5.000001142357120898e+01 5.000003697225056243e+01 5.000007852891470606e+01 5.000006468051662267e+01 5.000003511193013139e+01 5.000003581245803730e+01 5.000005247866705105e+01 5.000003988503946317e+01 5.000004439717420723e+01 5.000006817104038248e+01 5.000008660494075485e+01 5.000006343575243761e+01
5.000001924371011341e+01 5.000005313163006093e+01 5.000003799501349988e+01 5.000005662396806372e+01 5.000003368669189996e+01 5.000002005407878158e+01 5.000000812186046062e+01 5.000000804300023560e+01 5.000000956664900542e+01 5.000003452235220891e+01 5.000001181829214403e+01 5.000000160498793633e+01 5.000000380447940529e+01 5.000003243630478522e+01 5.000004352475012581e+01 5.000002033497539600e+01 5.000004238345803742e+01 5.000005662086970659e+01 5.000005427011117831e+01 5.000002204097179970e+01 5.000005096867098331e+01 5.000005368023968799e+01 5.000002195185010834e+01 5.000000650531676882e+01 5.000001526523148243e+01 5.000002149084747316e+01 5.000004024131078495e+01 5.000003516707747764e+01 5.000006327155885089e+01 5.000006827524664743e+01 5.000006503403438529e+01 5.000005921405929854e+01 5.000004715815205714e+01 5.000005080376933364e+01 5.000007807039155239e+01 5.000007130622158513e+01 5.000006456788145215e+01
5.000004742546528291e+01 5.000004261320822252e+01 5.000002060479949506e+01 5.000002931416615581e+01 5.000001339811826284e+01 5.000002520572909503e+01 5.000002715502814254e+01 5.000002364325379745e+01 5.000000801938223560e+01 5.000001930591439958e+01 5.000001921662841653e+01 5.000000290296221550e+01 5.000002181524770606e+01 5.000003571203721719e+01 5.000003237917993459e+01 5.000004216244421684e+01 5.000002793010865787e+01 5.000004310150195863e+01 5.000008028494470125e+01 5.000005802394230159e+01 5.000005852615920787e+01 5.000002124915194202e+01 5.000001047688164135e+01 5.000001802508901960e+01 5.000001308286539370e+01 5.000001043089326203e+01 5.000001328669291212e+01 5.000003296939376440e+01 5.000006347958253627e+01 5.000008586183390236e+01 5.000005436316595819e+01 5.000004810507822128e+01 5.000004717950579902e+01 5.000005253162900942e+01 5.000005682350612801e+01 5.000003340475790026e+01 5.000004891801194162e+01
5.000004681178649690e+01 5.000003758790504094e+01 5.000003475439778811e+01 5.000001421451456451e+01 5.000001272092197269e+01 5.000002124308376494e+01 5.000002058276983519e+01 5.000001977036748713e+01 5.000000801925536109e+01 5.000000870317101942e+01 5.000002992282032466e+01 5.000001465172959314e+01 5.000005217279749559e+01 5.000004318799299341e+01 5.000003987864984367e+01 5.000006086345336342e+01 5.000005257867541530e+01 5.000003659380060128e+01 5.000006382990483900e+01 5.000009306828621902e+01 5.000007022248708211e+01 5.000004873165355690e+01 5.000001733978133700e+01 5.000000988222657128e+01 5.000000986756796095e+01 5.000000986641525458e+01 5.000000987416542841e+01 5.000001191221129204e+01 5.000003805997728534e+01 5.000008383422563440e+01 5.000009087927274010e+01 5.000007257349007261e+01 5.000005020891497054e+01 5.000004231972141611e+01 5.000003259912331544e+01 5.000002858044923215e+01 5.000003489991743777e+01
5.000002202415893748e+01 5.000001580852427452e+01 5.000001322859117892e+01 5.000001276801654626e+01 5.000002932275573642e+01 5.000001985052934828e+01 5.000002051831170746e+01 5.000000814693055418e+01 5.000001808800063685e+01 5.000002616900643204e+01 5.000004701080053593e+01 5.000004431795272808e+01 5.000007046973114910e+01 5.000007264989467615e+01 5.000005959125365962e+01 5.000005798775652011e+01 5.000007599661461200e+01 5.000006943544837412e+01 5.000004809896542923e+01 5.000007389991093021e+01 5.000006631509892685e+01 5.000005161880449833e+01 5.000003648704416293e+01 5.000001108669361116e+01 5.000002226230922986e+01 5.000001045421534229e+01 5.000002646224998415e+01 5.000001522187493208e+01 5.000005630465893347e+01 5.000010146158531654e+01 5.000008098486244279e+01 5.000005698514925001e+01 5.000004698464837105e+01 5.000002874823846355e+01 5.000002846679857527e+01 5.000002845356169701e+01 5.000003041472136545e+01
5.000003793541056041e+01 5.000002047634302471e+01 5.000004045397729868e+01 5.000002007236091117e+01 5.000004043321896319e+01 5.000003799119831172e+01 5.000002989988980318e+01 5.000000856370764524e+01 5.000003060854630377e+01 5.000005299383657587e+01 5.000007688645152371e+01 5.000007138905161952e+01 5.000006258879621868e+01 5.000007312833697171e+01 5.000006384419604899e+01 5.000003497274824582e+01 5.000005009165803926e+01 5.000008038215698036e+01 5.000007466059727079e+01 5.000009756962030139e+01 5.000006810550441827e+01 5.000003303985501901e+01 5.000001811766099280e+01 5.000004681554984387e+01 5.000004549038490609e+01 5.000001606935618526e+01 5.000004605569618121e+01 5.000003007941595712e+01 5.000006781174782589e+01 5.000004185081392905e+01 5.000004584774349325e+01 5.000002320736980010e+01 5.000006185516421908e+01 5.000004714089372015e+01 5.000004572081036258e+01 5.000003018152021639e+01 5.000002845492909387e+01
5.000004962846146128e+01 5.000004546868188271e+01 5.000005291464002255e+01 5.000004538640537533e+01 5.000005928850271175e+01 5.000002680547617473e+01 5.000004209755139328e+01 5.000001827762460493e+01 5.000002383534605599e+01 5.000004672494269187e+01 5.000006006148571913e+01 5.000004690010987929e+01 5.000004310489451598e+01 5.000005396551152614e+01 5.000007524581046425e+01 5.000004793412917081e+01 5.000002388526865360e+01 5.000005091322454120e+01 5.000009385824832009e+01 5.000009730646691253e+01 5.000007391257610578e+01 5.000003627024371156e+01 5.000005870373647809e+01 5.000006115257302497e+01 5.000004654158054507e+01 5.000003085863737340e+01 5.000006592997839761e+01 5.000005874729753685e+01 5.000004788780489662e+01 5.000002912632697871e+01 5.000000933525512181e+01 5.000001886349394198e+01 5.000003419255645554e+01 5.000007403424210395e+01 5.000008440850966451e+01 5.000005103422442687e+01 5.000003047188887706e+01
5.000003627053905575e+01 5.000004268397201912e+01 5.000002619428067874e+01 5.000004999997597821e+01 5.000004494445320091e+01 5.000002463838628586e+01 5.000000801938355011e+01 5.000004242134073706e+01 5.000005237844536765e+01 5.000007342917715647e+01 5.000007510881324180e+01 5.000005574055198565e+01 5.000003848811827112e+01 5.000003902105390807e+01 5.000004122005881158e+01 5.000001844932167927e+01 5.000004538062353276e+01 5.000003641693956524e+01 5.000004879330407448e+01 5.000009423831777866e+01 5.000010117982785118e+01 5.000007674100600497e+01 5.000007357995562529e+01 5.000008505746533416e+01 5.000006516711860627e+01 5.000007321763028045e+01 5.000006414330005811e+01 5.000005953952571502e+01 5.000002035421705671e+01 5.000000615147345684e+01 5.000002072551525600e+01 5.000002419306444068e+01 5.000006606132792797e+01 5.000008476368385146e+01 5.000005278813836185e+01 5.000003700228477044e+01 5.000003507880816755e+01
