geomorphology_exercises/data.txt
nrows 50
cellsize 200.0
xllcorner 0.0
ncols 100
yllcorner 0.0
[rows 0 to 16 of 50, columns 0 to 36 of 100]
3.943565045167349791e-04 2.511542953360390527e-05 1.389341270700311551e-04 7.171194982824546612e-05 9.340675454566427845e-05 1.292722862170003686e-04 2.985872358963013052e-04 3.349200719633236450e-04 5.190410023712489556e-04 4.503885393330048226e-04 6.003504697240652369e-04 2.478046309968965125e-04 3.398620668638330260e-05 2.390234540229735328e-04 6.283605907242175966e-04 6.515384239125003802e-04 9.801908032298542982e-04 7.943171137425117248e-04 5.563526159888665520e-04 3.890012604654907941e-04 1.925270688937726939e-04 4.912250962334318953e-04 7.338569767223014151e-04 8.837631541442416165e-04 9.591405381081758927e-04 2.905703500564338500e-04 9.094660114220988857e-04 1.054755767629145157e-06 3.300866209250686830e-04 5.339215010228442245e-04 7.347349233700485160e-04 4.663593772935676024e-04 3.773885691538265931e-04 1.073459875932366648e-04 3.603254426978032103e-04 1.849746681344481797e-04 3.490095724617569856e-04
2.866407437666292925e-04 5.000015115561457435e+01 5.000011750294480350e+01 5.000012327092787245e+01 5.000012421949091390e+01 5.000010705490931429e+01 5.000010224506476675e+01 5.000010900653146706e+01 5.000011834648495324e+01 5.000011245286562200e+01 5.000010716011192358e+01 5.000010486952554345e+01 5.000008752431455150e+01 5.000006586332015246e+01 5.000007410137451558e+01 5.000006713373078071e+01 5.000003236455202682e+01 5.000004411820707872e+01 5.000002337929544183e+01 5.000002545383838992e+01 5.000004444672276804e+01 5.000006754529616160e+01 5.000006204569467627e+01 5.000006955195386382e+01 5.000004430738096772e+01 5.000003946295743162e+01 5.000003161796909268e+01 5.000001998703613282e+01 5.000002465742118574e+01 5.000004949808175780e+01 5.000003275883032217e+01 5.000001280065605158e+01 5.000004284430404056e+01 5.000008188323111824e+01 5.000009408842935699e+01 5.000005804995753067e+01 5.000006202254104437e+01
6.452968431918561362e-04 5.000011402027983110e+01 5.000009242599413284e+01 5.000009749831191641e+01 5.000010776718436745e+01 5.000010225095517313e+01 5.000011149462254423e+01 5.000013532002711258e+01 5.000014996110127896e+01 5.000011781701183367e+01 5.000009699710718536e+01 5.000007564890307066e+01 5.000005125963848940e+01 5.000006473532496898e+01 5.000002828753217443e+01 5.000003313330086741e+01 5.000002300831947366e+01 5.000004741968087529e+01 5.000003097596180623e+01 5.000001766873391773e+01 5.000002422298369709e+01 5.000005352911642120e+01 5.000005521772084904e+01 5.000004939723672237e+01 5.000002397995525172e+01 5.000001612520305372e+01 5.000001692370533135e+01 5.000001599346684600e+01 5.000000836556061046e+01 5.000001323336706349e+01 5.000000817947070431e+01 5.000002892514291375e+01 5.000002376942489235e+01 5.000004274242605362e+01 5.000008754057402882e+01 5.000006742921739544e+01 5.000004445368694661e+01
1.410825403929425543e-04 5.000006799325346662e+01 5.000009942155710263e+01 5.000009359649965290e+01 5.000008442208306292e+01 5.000010711729341040e+01 5.000010769356538276e+01 5.000010926741516926e+01 5.000012232694834324e+01 5.000011689899493206e+01 5.000011658328632791e+01 5.000008843508280165e+01 5.000007601290845827e+01 5.000002756772067158e+01 5.000002003568877029e+01 5.000001944834992429e+01 5.000003279356287322e+01 5.000004150369219502e+01 5.000003451091328799e+01 5.000002143506325325e+01 5.000001763981349967e+01 5.000004429586807930e+01 5.000005798093842202e+01 5.000004195169674404e+01 5.000005173026133320e+01 5.000003558952128913e+01 5.000001080078863680e+01 5.000002747199585684e+01 5.000001530946706652e+01 5.000000718566722924e+01 5.000000905068069557e+01 5.000003436250438682e+01 5.000005919348514283e+01 5.000006676201706313e+01 5.000008767102168150e+01 5.000008310970049052e+01 5.000005284168567954e+01
7.812828134301256708e-04 5.000004607086827946e+01 5.000006128433325614e+01 5.000008800165829825e+01 5.000006366582442752e+01 5.000007841782451834e+01 5.000010492157719710e+01 5.000010247274694564e+01 5.000010344512021021e+01 5.000010329685019883e+01 5.000011642184227156e+01 5.000009791117854974e+01 5.000007713861266723e+01 5.000005388270276541e+01 5.000002520789101368e+01 5.000002566595890130e+01 5.000001924132436670e+01 5.000002725762829670e+01 5.000001516719738248e+01 5.000000659702171646e+01 5.000000669028490563e+01 5.000001353916456281e+01 5.000003197181879244e+01 5.000005330825847949e+01 5.000003961345451842e+01 5.000001808392338631e+01 5.000001131513118935e+01 5.000000780246676868e+01 5.000000718072501371e+01 5.000002340722230088e+01 5.000002305498566102e+01 5.000004745409313500e+01 5.000005321114296919e+01 5.000002908500892573e+01 5.000004030010105538e+01 5.000003243670068542e+01 5.000005103797974471e+01
4.063855673633276174e-05 5.000004138931431896e+01 5.000004335907360797e+01 5.000006668059377546e+01 5.000007119891601093e+01 5.000002872749182359e+01 5.000005031301230218e+01 5.000008869703007974e+01 5.000008526271651732e+01 5.000010093783144782e+01 5.000010737179314901e+01 5.000007812154235864e+01 5.000003909348166786e+01 5.000004669942132551e+01 5.000003317861419561e+01 5.000001921492124524e+01 5.000002533372880009e+01 5.000003007225052443e+01 5.000002361090425751e+01 5.000000697541382522e+01 5.000000851695617854e+01 5.000002077559690150e+01 5.000005075853166403e+01 5.000003903494025792e+01 5.000004170584320917e+01 5.000004796361914572e+01 5.000002673462068969e+01 5.000003759979498597e+01 5.000001508251886406e+01 5.000002738568399963e+01 5.000003670600188599e+01 5.000005972637698193e+01 5.000005813068784022e+01 5.000002842776837753e+01 5.000001756367406358e+01 5.000001719543191570e+01 5.000002871745717670e+01
6.898703521211655386e-04 5.000004603272689963e+01 5.000003253161570171e+01 5.000005166701816961e+01 5.000003726712526486e+01 5.000000928422814894e+01 5.000004419262972988e+01 5.000002760144189295e+01 5.000005234589807657e+01 5.000007894822864074e+01 5.000007624434817188e+01 5.000007256346090401e+01 5.000003734793167354e+01 5.000002066346209517e+01 5.000001948353956749e+01 5.000001921463308463e+01 5.000001922423156486e+01 5.000002169898751703e+01 5.000001243976487331e+01 5.000002226714226339e+01 5.000003578134628412e+01 5.000005152489138283e+01 5.000005270286161618e+01 5.000002742945164869e+01 5.000001952079364287e+01 5.000005152836848055e+01 5.000005157951696333e+01 5.000002473376206069e+01 5.000003351032075471e+01 5.000003801892845701e+01 5.000002693687898159e+01 5.000003823894169130e+01 5.000003955402214473e+01 5.000002703803396287e+01 5.000001638863462716e+01 5.000001652351848236e+01 5.000003339118923407e+01
7.918765240052491909e-04 5.000002999574333273e+01 5.000000536833899645e+01 5.000002738629175525e+01 5.000000880647134949e+01 5.000000386509536554e+01 5.000001599869201385e+01 5.000000671374685624e+01 5.000002579177494511e+01 5.000003940157988325e+01 5.000007578217287119e+01 5.000008687579874334e+01 5.000006793828875118e+01 5.000004484285911843e+01 5.000002907028930821e+01 5.000002462795007574e+01 5.000002617870375587e+01 5.000005267412360865e+01 5.000003620341993127e+01 5.000003573910930044e+01 5.000004305193834142e+01 5.000005743614475762e+01 5.000005078310913120e+01 5.000002755214617878e+01 5.000001400983553879e+01 5.000002210304038641e+01 5.000003486059326718e+01 5.000002872805835352e+01 5.000001465975078929e+01 5.000002835258608513e+01 5.000003435404907037e+01 5.000003174057935951e+01 5.000002034638848869e+01 5.000003273791106295e+01 5.000001637191095938e+01 5.000002506010158498e+01 5.000002362973786774e+01
6.898243134835426327e-04 5.000002580987195699e+01 5.000000211509301096e+01 5.000001156135807179e+01 5.000003625790137107e+01 5.000002388719317992e+01 5.000000256626687190e+01 5.000001777815411685e+01 5.000002994221532049e+01 5.000001697790733601e+01 5.000006761117982990e+01 5.000010169822062522e+01 5.000008187029331452e+01 5.000005842195154315e+01 5.000004160855496593e+01 5.000005510908101769e+01 5.000004891499882831e+01 5.000004683064452138e+01 5.000004291538459000e+01 5.000002109157328078e+01 5.000001586973003498e+01 5.000002319738617729e+01 5.000005612437375646e+01 5.000002314326609820e+01 5.000002454618297776e+01 5.000001380555654151e+01 5.000002204843911358e+01 5.000001382448360943e+01 5.000002711158096247e+01 5.000004288314656975e+01 5.000003830163188923e+01 5.000002768332497993e+01 5.000001641169622246e+01 5.000002720744078744e+01 5.000002504304954698e+01 5.000001568720027478e+01 5.000001336129800222e+01
6.255830417530663674e-04 5.000001652777343253e+01 5.000000101111617568e+01 5.000000119834872692e+01 5.000001662442727479e+01 5.000000909355832590e+01 5.000000525634673210e+01 5.000000242652743765e+01 5.000000364425982724e+01 5.000002982553342434e+01 5.000006592296251995e+01 5.000005407226430520e+01 5.000006146773316829e+01 5.000003367303106927e+01 5.000003158171276851e+01 5.000004870262295498e+01 5.000005150778565621e+01 5.000001907696276504e+01 5.000002256617339214e+01 5.000000957375897315e+01 5.000000977976372951e+01 5.000001624022013402e+01 5.000005433004076849e+01 5.000003733644238935e+01 5.000001458065491988e+01 5.000003017846365339e+01 5.000001379810738911e+01 5.000001380385409533e+01 5.000001392782774445e+01 5.000003281071946049e+01 5.000001216627080680e+01 5.000001080180871327e+01 5.000002886475974151e+01 5.000003615145378433e+01 5.000001720588010556e+01 5.000001339534102840e+01 5.000001511070610860e+01
4.265815441212173083e-04 5.000001858495885187e+01 5.000001102367004080e+01 5.000001866998512412e+01 5.000003943680139429e+01 5.000003499703159804e+01 5.000002716167433903e+01 5.000001864576822186e+01 5.000002265417808900e+01 5.000003833155634680e+01 5.000001859847630215e+01 5.000005426737597958e+01 5.000006369579831045e+01 5.000004207576086657e+01 5.000003155453099168e+01 5.000004549632595996e+01 5.000005057500580108e+01 5.000001623122184213e+01 5.000000960270573103e+01 5.000001892743305376e+01 5.000003191428508131e+01 5.000001848560153661e+01 5.000004913062175405e+01 5.000004219649220261e+01 5.000001740026762320e+01 5.000003600303652007e+01 5.000002836320016542e+01 5.000001400735236246e+01 5.000002877904427123e+01 5.000002518169777943e+01 5.000002161294668213e+01 5.000000795274770837e+01 5.000001176900925515e+01 5.000002319355382951e+01 5.000001383201912830e+01 5.000002158552418052e+01 5.000001496299407222e+01
6.933858884101612224e-04 5.000004498134399711e+01 5.000004771560993078e+01 5.000003317469454345e+01 5.000004442484517142e+01 5.000002322579431535e+01 5.000002115825974158e+01 5.000001576072022402e+01 5.000000261853617189e+01 5.000002052539848307e+01 5.000000735549291164e+01 5.000004118895393646e+01 5.000005076631345702e+01 5.000003206427449953e+01 5.000004751141054271e+01 5.000005264891871803e+01 5.000004336578839315e+01 5.000003487145062309e+01 5.000001068164339557e+01 5.000001059227112421e+01 5.000001801851255578e+01 5.000004793616493259e+01 5.000006302849007511e+01 5.000004364437519655e+01 5.000004948037692287e+01 5.000004589191873094e+01 5.000001723345778970e+01 5.000002480155767870e+01 5.000006197392594487e+01 5.000004806846545335e+01 5.000003728144432102e+01 5.000000883090199011e+01 5.000001766960689054e+01 5.000002665513852662e+01 5.000002597568673934e+01 5.000001725594890445e+01 5.000003681320272619e+01
6.555653948722349423e-04 5.000004225929993851e+01 5.000003318375114247e+01 5.000001093566415022e+01 5.000002797837142055e+01 5.000002325904989675e+01 5.000000263212344720e+01 5.000001031591288836e+01 5.000000219681793823e+01 5.000000226480972998e+01 5.000002226397268146e+01 5.000006159455370636e+01 5.000003397033238173e+01 5.000003222613597842e+01 5.000003598227846879e+01 5.000003130015390695e+01 5.000001392642671760e+01 5.000005014699173245e+01 5.000002748057268320e+01 5.000002836148517105e+01 5.000001421339457153e+01 5.000002289891099849e+01 5.000005845790305870e+01 5.000006891991053948e+01 5.000008338593782042e+01 5.000004396383518213e+01 5.000002841145526133e+01 5.000004558176098612e+01 5.000005687452682679e+01 5.000004968108543579e+01 5.000006180309149784e+01 5.000003711314940347e+01 5.000005843388061777e+01 5.000005418124931822e+01 5.000002789550011784e+01 5.000003366444364872e+01 5.000004845415639920e+01
3.322009026788908881e-04 5.000004287900693356e+01 5.000002030609863368e+01 5.000003097481243941e+01 5.000000467258661274e+01 5.000001966703430867e+01 5.000000219792659806e+01 5.000000219493123410e+01 5.000000219459310813e+01 5.000001852007068948e+01 5.000000638594764268e+01 5.000002297883296620e+01 5.000000849730557206e+01 5.000002754972587837e+01 5.000002839187939685e+01 5.000000602016556428e+01 5.000001692304343237e+01 5.000003020960782862e+01 5.000003290390622368e+01 5.000002487960946240e+01 5.000004439140125356e+01 5.000005740848089175e+01 5.000006818133365982e+01 5.000006372505888663e+01 5.000004460997148215e+01 5.000005887348882538e+01 5.000005947111441884e+01 5.000005744535775420e+01 5.000003328411478520e+01 5.000003140643333666e+01 5.000004125145856904e+01 5.000006902330382985e+01 5.000007373194405602e+01 5.000004679891110726e+01 5.000006262165565118e+01 5.000005828387616447e+01 5.000005226428900329e+01
5.276166366237456480e-04 5.000008162952929069e+01 5.000004671061279993e+01 5.000002571555339159e+01 5.000000269302874045e+01 5.000000233945556261e+01 5.000000685041475634e+01 5.000000667226199624e+01 5.000000225987299274e+01 5.000000221542835988e+01 5.000000226944102621e+01 5.000000254367100183e+01 5.000002584908694558e+01 5.000004776993944233e+01 5.000002287015173863e+01 5.000000470019988086e+01 5.000000530872636517e+01 5.000000690823821969e+01 5.000002604311503518e+01 5.000005539950731048e+01 5.000004372830362342e+01 5.000007067568085262e+01 5.000008622007206327e+01 5.000005084351033702e+01 5.000001699311214765e+01 5.000005288670338643e+01 5.000004175123586947e+01 5.000005786261031204e+01 5.000004648923363249e+01 5.000002137276952396e+01 5.000005162148469395e+01 5.000007645103075760e+01 5.000007858550945627e+01 5.000007498334899481e+01 5.000005682582414579e+01 5.000004918350200711e+01 5.000005839165622490e+01
3.604713918487345700e-04 5.000007247820322931e+01 5.000007140798975058e+01 5.000004362687371184e+01 5.000001847888457007e+01 5.000001266709401904e+01 5.000003324729337351e+01 5.000002650032190843e+01 5.000001699366265484e+01 5.000001341687107725e+01 5.000001225695803697e+01 5.000001005212582328e+01 5.000004912940963919e+01 5.000003864957196242e+01 5.000002058295216045e+01 5.000000404940856669e+01 5.000001713075405263e+01 5.000002365849295671e+01 5.000006495578400489e+01 5.000006337989366045e+01 5.000004087904920880e+01 5.000004897088583533e+01 5.000005447392270241e+01 5.000002391029534010e+01 5.000001427794781961e+01 5.000002494798702202e+01 5.000001825271238687e+01 5.000002417329594806e+01 5.000003322081944646e+01 5.000001574786696779e+01 5.000003461413394490e+01 5.000003575042300241e+01 5.000004022866126974e+01 5.000007782626649799e+01 5.000005972009793709e+01 5.000004427664374163e+01 5.000006544295963806e+01
9.349534217524944511e-04 5.000002821275247555e+01 5.000002518890042325e+01 5.000002828762796980e+01 5.000001826489352652e+01 5.000001941400577010e+01 5.000001568153970055e+01 5.000001995472117500e+01 5.000001336469316726e+01 5.000001584258883014e+01 5.000003766739256150e+01 5.000003855707586808e+01 5.000005342899384431e+01 5.000002149312667399e+01 5.000000981073824846e+01 5.000001265264747019e+01 5.000000383860746211e+01 5.000001064601344325e+01 5.000004137064372856e+01 5.000002485165666855e+01 5.000001449511992746e+01 5.000004990940067273e+01 5.000005051609696238e+01 5.000003844084251625e+01 5.000001595250545705e+01 5.000001322276949622e+01 5.000002142029005370e+01 5.000001313282238868e+01 5.000001320903846391e+01 5.000001729760585079e+01 5.000001469740561788e+01 5.000001587582079310e+01 5.000001871084380412e+01 5.000004318155288985e+01 5.000003455358714888e+01 5.000003467028508908e+01 5.000004356009863926e+01
