geomorphology_exercises/data.txt
nrows 50
cellsize 200.0
xllcorner 0.0
ncols 100
yllcorner 0.0
[rows 17 to 33 of 50, columns 0 to 36 of 100]
1.675789804704158625e-04 5.000004077915596667e+01 5.000001149064206629e+01 5.000001088892086187e+01 5.000001087119309062e+01 5.000001087088068630e+01 5.000001097049893417e+01 5.000001134240136480e+01 5.000002460666442516e+01 5.000003410463910569e+01 5.000002217120989201e+01 5.000003131131862233e+01 5.000003744769621505e+01 5.000002762026114311e+01 5.000001387974114664e+01 5.000001833699076315e+01 5.000001980240732280e+01 5.000001420640251126e+01 5.000002340436222426e+01 5.000000993789214476e+01 5.000001218052052820e+01 5.000003389216719540e+01 5.000001976285523853e+01 5.000003594299136012e+01 5.000002391041100225e+01 5.000001404089017143e+01 5.000001311792524916e+01 5.000001625266207839e+01 5.000001354963703903e+01 5.000001369074044533e+01 5.000002600468707925e+01 5.000003392956719495e+01 5.000004198928632348e+01 5.000003739249905976e+01 5.000002288111538462e+01 5.000002370357758252e+01 5.000003630758143203e+01
5.285565564197635758e-04 5.000005206167175942e+01 5.000003475778260054e+01 5.000001432832962678e+01 5.000001105671056223e+01 5.000002529054198419e+01 5.000003266057790796e+01 5.000001577859109858e+01 5.000004945353378361e+01 5.000004660001075507e+01 5.000004500775330740e+01 5.000005828803331553e+01 5.000004403530014230e+01 5.000001473865945911e+01 5.000000360562638235e+01 5.000001727858793288e+01 5.000003946545418643e+01 5.000001971682857516e+01 5.000000986624318955e+01 5.000000984060995535e+01 5.000000983998481985e+01 5.000001902411118948e+01 5.000001101358667910e+01 5.000002989580345059e+01 5.000004304975065850e+01 5.000002303504783185e+01 5.000001312167167100e+01 5.000002861115198272e+01 5.000001663111299877e+01 5.000003139768447369e+01 5.000005732253180923e+01 5.000005062322306060e+01 5.000002845503082227e+01 5.000002332100594771e+01 5.000003687529339658e+01 5.000002293653182051e+01 5.000003520801508472e+01
9.453401255988057956e-04 5.000002494159838307e+01 5.000004520691545906e+01 5.000003419315189745e+01 5.000002071934984826e+01 5.000003681353450702e+01 5.000007457326599791e+01 5.000003672541340194e+01 5.000006119899121160e+01 5.000007820572362505e+01 5.000008106702112087e+01 5.000007512573299806e+01 5.000004191682216970e+01 5.000000897598489047e+01 5.000000359137563066e+01 5.000000948503108589e+01 5.000002042113442258e+01 5.000001057401147619e+01 5.000002680992481174e+01 5.000001909398563527e+01 5.000002062068031705e+01 5.000000989828684084e+01 5.000002433317533246e+01 5.000002043084882075e+01 5.000002472993401881e+01 5.000001351274756445e+01 5.000001315037053473e+01 5.000001667691893203e+01 5.000004058634211646e+01 5.000002557132067693e+01 5.000005402378059927e+01 5.000004883500520236e+01 5.000002802695355086e+01 5.000003536775562907e+01 5.000004534489573160e+01 5.000003479753988245e+01 5.000004750333424397e+01
4.601547401847465562e-04 5.000000790378874882e+01 5.000002461987117641e+01 5.000001213224172858e+01 5.000004752113507323e+01 5.000005896627450852e+01 5.000007859913674935e+01 5.000006472585926076e+01 5.000007340554042656e+01 5.000009147906504126e+01 5.000007330122883786e+01 5.000006240476433561e+01 5.000001749684888352e+01 5.000000608504140587e+01 5.000000460177965067e+01 5.000001399247282308e+01 5.000002849340879862e+01 5.000001404147957373e+01 5.000001700474996369e+01 5.000002314402919268e+01 5.000001251620643217e+01 5.000002785873127920e+01 5.000003105064973141e+01 5.000004187614581497e+01 5.000005107986029884e+01 5.000002854033758126e+01 5.000001957391799579e+01 5.000004359820162136e+01 5.000003428381806003e+01 5.000003373491107084e+01 5.000005677116175917e+01 5.000008287507180427e+01 5.000005256509026452e+01 5.000004350000554609e+01 5.000002802228191001e+01 5.000002796383876102e+01 5.000002818075835620e+01
5.887374793623214144e-04 5.000000282681324393e+01 5.000000286396881677e+01 5.000000641924999201e+01 5.000002419186101577e+01 5.000005011665613353e+01 5.000005742632463068e+01 5.000005213640639568e+01 5.000003688144435898e+01 5.000005986667000712e+01 5.000002761387981565e+01 5.000003785274529378e+01 5.000001263241968275e+01 5.000002002445309301e+01 5.000000470866268643e+01 5.000001439042996054e+01 5.000001526440389910e+01 5.000002499492988051e+01 5.000003577227281681e+01 5.000003614304390709e+01 5.000001594709537756e+01 5.000002495132613234e+01 5.000003134747588973e+01 5.000004477931707214e+01 5.000004412258286379e+01 5.000004141869244734e+01 5.000004402946271398e+01 5.000007526079076570e+01 5.000005721568246742e+01 5.000005688566043460e+01 5.000004718485058675e+01 5.000005932989123636e+01 5.000005523841362276e+01 5.000003230487197214e+01 5.000004184612142666e+01 5.000004297373541107e+01 5.000002823180533795e+01
7.037946052219538158e-04 5.000000359507704673e+01 5.000001375824209759e+01 5.000000683345086827e+01 5.000003801513808099e+01 5.000006240904655641e+01 5.000005793534486287e+01 5.000002303264305681e+01 5.000001814427847791e+01 5.000003913248653475e+01 5.000001215882655714e+01 5.000002811084102916e+01 5.000000650051914164e+01 5.000000517461969451e+01 5.000001988086741278e+01 5.000000471820555958e+01 5.000000483492902248e+01 5.000000593553606620e+01 5.000002744255238696e+01 5.000003441124153625e+01 5.000002997888510237e+01 5.000002191341584279e+01 5.000004316831891771e+01 5.000002332389940563e+01 5.000004645403404169e+01 5.000001890083910894e+01 5.000003578381308955e+01 5.000005612194899385e+01 5.000008428315934594e+01 5.000006796361244454e+01 5.000007463223474957e+01 5.000006714675183161e+01 5.000003082757551454e+01 5.000003774750188512e+01 5.000002424824003100e+01 5.000003808966061314e+01 5.000003926825836231e+01
1.656376836999534771e-04 5.000000687799660426e+01 5.000003034670397284e+01 5.000003891663482136e+01 5.000004885493863327e+01 5.000007710258692839e+01 5.000005217572407190e+01 5.000003550476552050e+01 5.000001755754191635e+01 5.000002361646107119e+01 5.000002614621105579e+01 5.000000466077745642e+01 5.000001585330363696e+01 5.000002495658174695e+01 5.000000637313701901e+01 5.000000478769878498e+01 5.000001551534378308e+01 5.000003114812979277e+01 5.000003795895752745e+01 5.000002559225688969e+01 5.000004604210480608e+01 5.000003719811603276e+01 5.000002562792501948e+01 5.000001073435740295e+01 5.000003262698934492e+01 5.000002374243040038e+01 5.000001049795618968e+01 5.000002044534375045e+01 5.000006317863566352e+01 5.000007105138745089e+01 5.000004663241853819e+01 5.000004036745037439e+01 5.000000708919285586e+01 5.000001893533246999e+01 5.000001113332862701e+01 5.000001746484161913e+01 5.000004202754606553e+01
8.514574833633796122e-04 5.000002875427188087e+01 5.000006143864715114e+01 5.000006818600893865e+01 5.000004721939464503e+01 5.000005151994519537e+01 5.000003890872995527e+01 5.000003452507773005e+01 5.000002688247791838e+01 5.000001738489068259e+01 5.000002453206424491e+01 5.000001376427119482e+01 5.000000262310898336e+01 5.000000808639676109e+01 5.000002715453651803e+01 5.000002127216828995e+01 5.000004288122941176e+01 5.000003725243662700e+01 5.000001619297529487e+01 5.000004236151908543e+01 5.000007406447114988e+01 5.000003308041507211e+01 5.000001115410554320e+01 5.000001043034671966e+01 5.000001833056115430e+01 5.000000822738191175e+01 5.000001091361691152e+01 5.000003500262204170e+01 5.000006028108203537e+01 5.000006354917208995e+01 5.000001661576146716e+01 5.000000541703916213e+01 5.000000372972676388e+01 5.000000686256087334e+01 5.000002487720500710e+01 5.000005394906101941e+01 5.000006449004172282e+01
4.301264176137958883e-04 5.000004901440526339e+01 5.000005594815553422e+01 5.000004903772708786e+01 5.000003823128700731e+01 5.000003821707096563e+01 5.000005085088650247e+01 5.000005918247045855e+01 5.000003638107751414e+01 5.000003276215154102e+01 5.000001849211940197e+01 5.000000342989596902e+01 5.000000252980186843e+01 5.000000301136466163e+01 5.000002060898169987e+01 5.000005803819040295e+01 5.000002049917758029e+01 5.000001448923095637e+01 5.000001353349220068e+01 5.000002663038627304e+01 5.000004861836971060e+01 5.000004979934829663e+01 5.000002895999719499e+01 5.000001673686221437e+01 5.000001300179207675e+01 5.000002256995927752e+01 5.000000698488335615e+01 5.000001853280313213e+01 5.000001855689126984e+01 5.000002480507720293e+01 5.000004870541506818e+01 5.000003479722651178e+01 5.000001953427787527e+01 5.000000368011782115e+01 5.000000686596678179e+01 5.000003916281472272e+01 5.000008157502515616e+01
4.754476559486287912e-04 5.000003335384663927e+01 5.000003380935138608e+01 5.000005328933620774e+01 5.000004634970783002e+01 5.000004993409306309e+01 5.000005263988867910e+01 5.000004553045776845e+01 5.000004215832477428e+01 5.000003299172366411e+01 5.000001002122453997e+01 5.000000250990957795e+01 5.000000455288765266e+01 5.000002053929068069e+01 5.000001324748639320e+01 5.000004165579439075e+01 5.000005867457954167e+01 5.000002572943243706e+01 5.000001353269824023e+01 5.000002275500228421e+01 5.000004079984671534e+01 5.000002830405581022e+01 5.000003891868188788e+01 5.000001854974049564e+01 5.000002026812312295e+01 5.000001662358891963e+01 5.000000613526762550e+01 5.000001774149193068e+01 5.000001092168284345e+01 5.000000432362558911e+01 5.000002772779557603e+01 5.000004497465722864e+01 5.000001430212342513e+01 5.000000517283832835e+01 5.000002740220659092e+01 5.000006474986027172e+01 4.975908159792204088e+01
3.261262020790122975e-05 5.000003175016010459e+01 5.000004348930995235e+01 5.000005620017677188e+01 5.000005438487036002e+01 5.000005850584630451e+01 5.000004875127945070e+01 5.000005766476316893e+01 5.000004633330829051e+01 5.000002100283713702e+01 5.000000319886776623e+01 5.000000820832027415e+01 5.000003305512316842e+01 5.000004549894396888e+01 5.000005012679380201e+01 4.949196502111778528e+01 4.960191649612574594e+01 5.000004643769030110e+01 5.000002819124237874e+01 5.000003270003958278e+01 5.000001328109451748e+01 5.000002719863190492e+01 5.000002907021388410e+01 5.000001056879622041e+01 5.000001428993181918e+01 5.000001344544964610e+01 5.000002163311751957e+01 5.000000455307723257e+01 5.000000329941963884e+01 5.000000415005844445e+01 5.000000995072648635e+01 5.000002710720168153e+01 5.000001742344846889e+01 5.000002876723544887e+01 5.000003326257250791e+01 4.980042578867002590e+01 4.969252479049396953e+01
2.934703979327768389e-04 5.000004081200496842e+01 5.000003282425001316e+01 5.000004824172599882e+01 5.000006464137837270e+01 5.000006981651326754e+01 5.000004767750724000e+01 5.000004408021870717e+01 5.000004704577960268e+01 4.968080409296493372e+01 4.904233794097940091e+01 4.906526009324726090e+01 4.880713378360549370e+01 4.887878060169593653e+01 4.912139537618610774e+01 4.847579271233411191e+01 4.949196776088486871e+01 4.963049067572441686e+01 5.000003467531549717e+01 5.000003745267088107e+01 5.000001572034965847e+01 5.000000529149485828e+01 5.000000407118732682e+01 5.000000298137442911e+01 5.000001800629866011e+01 5.000003657429180492e+01 5.000001082697932731e+01 5.000000329694400136e+01 5.000001817538282012e+01 5.000000475273714784e+01 5.000001726279500502e+01 5.000003068517308691e+01 4.943039540225592532e+01 4.927310893240553469e+01 4.935301873472363354e+01 4.949302538496365145e+01 4.923576133967753066e+01
5.897775652355938866e-04 4.976699112711762751e+01 4.971043553461090170e+01 5.000003701480724061e+01 5.000003697626554100e+01 5.000004101483059316e+01 5.000001552508602742e+01 5.000001496475014306e+01 5.000001703383885143e+01 4.944387842500827190e+01 4.888127818142694991e+01 4.712700000621816798e+01 4.642132027064725008e+01 4.663619194358095399e+01 4.825161169688158225e+01 4.695156718236529514e+01 4.858523328506372962e+01 4.952844548277138870e+01 5.000003467749189667e+01 4.938057296151380626e+01 4.920952298210079334e+01 4.938056176134430331e+01 5.000000268752576460e+01 5.000000269869041603e+01 5.000000787867125496e+01 5.000000875314491111e+01 5.000000366656628614e+01 5.000000330564768092e+01 5.000000863036548537e+01 4.952135786668507222e+01 4.938920086619507543e+01 4.894467616702458201e+01 4.865323539674985653e+01 4.781920969023532564e+01 4.805892596876542200e+01 4.935302829988701490e+01 4.930105531259526686e+01
8.430025598280412686e-04 4.930084522018123039e+01 4.913119513005160144e+01 5.000004295795186238e+01 5.000001154403246773e+01 5.000001892156182492e+01 5.000000630466659146e+01 5.000000687088328277e+01 5.000002871642298174e+01 4.929030993347983269e+01 4.787082920321811486e+01 4.571694212025418835e+01 4.286628923452083484e+01 4.330631937971423895e+01 4.390311709727010481e+01 4.794815833619043843e+01 4.842732808886491114e+01 4.836656999423002645e+01 4.831343560120552638e+01 4.819662994338121109e+01 4.762846689083149698e+01 4.932893253707660364e+01 5.000000617334271880e+01 5.000001380050633770e+01 5.000000854556773788e+01 5.000000561795543064e+01 5.000000354014427018e+01 4.917484085329013510e+01 4.894695786540061277e+01 4.883733156450513491e+01 4.816744086300498395e+01 4.769867074966316522e+01 4.595956563033406184e+01 4.561789446158950767e+01 4.829931073109572992e+01 4.898369978518120860e+01 4.790309529445506342e+01
6.908363003317865778e-04 4.930086073269020375e+01 4.790247396715603401e+01 5.000001982056696193e+01 5.000000627666268826e+01 5.000000627671639108e+01 5.000000881556832155e+01 5.000000799724135447e+01 5.000003128761431270e+01 4.944000507705904113e+01 4.872850400288153594e+01 4.794171334795618122e+01 4.551288753294627298e+01 3.860753241446519723e+01 4.354617515182918908e+01 4.384444022320175804e+01 4.528193264573776133e+01 4.509956927666639359e+01 4.494021546132089640e+01 4.458977431428018434e+01 4.743071643570853269e+01 4.862685783502792702e+01 4.880687175181746795e+01 4.875899973765995554e+01 4.875937328396251758e+01 4.894277234700869883e+01 4.892515012740811642e+01 4.868607421208659503e+01 4.684086038891202008e+01 4.651190934110560704e+01 4.763999665504522341e+01 4.556830011964329685e+01 4.205921974569351818e+01 4.426520232129011134e+01 4.638171118782868518e+01 4.728823284908134639e+01 4.524192174153991175e+01
1.962702360964671002e-04 4.903953739261560685e+01 4.792709068667387129e+01 4.548044317916303214e+01 4.772452995714306923e+01 4.815565069566891054e+01 4.840339862489046396e+01 4.865675076780043895e+01 4.880548317536107561e+01 4.858154268375424323e+01 4.785594241978072461e+01 4.796860260033472656e+01 4.645831581777193975e+01 4.354617959014075268e+01 3.439667342947815598e+01 4.039077360736234823e+01 4.036193050555392148e+01 3.987799978508732579e+01 3.933368694721366410e+01 4.641486308529575666e+01 4.474291422176057154e+01 4.707666991694812708e+01 4.642058303736448721e+01 4.627690121215614738e+01 4.627802057413737913e+01 4.682823256115211308e+01 4.677543214065359223e+01 4.605815808359151475e+01 4.624503675261334479e+01 4.266168535629279290e+01 4.624502201887440833e+01 4.709337789992238754e+01 4.476972056015024748e+01 3.797565162505961922e+01 4.287762600420748527e+01 4.689030924139352408e+01 4.422228753289373060e+01
6.651829955933394887e-04 4.711853603157994996e+01 4.732223699315098031e+01 4.206397366017568373e+01 4.317353973905643016e+01 4.446693911593089155e+01 4.521014528970087554e+01 4.597021637166764663e+01 4.641635337340035505e+01 4.574451691163609723e+01 4.643884552853321424e+01 4.441641141641710533e+01 4.696200269811818373e+01 4.422654896076907249e+01 4.149416058588054312e+01 2.976256250644095758e+01 3.352528806889988289e+01 3.237575739184993040e+01 4.236524640525582441e+01 4.162721647894156263e+01 4.110031898997651467e+01 4.502682479167857110e+01 4.276086828252093142e+01 4.239696234270683561e+01 4.238546533921454085e+01 4.350932454919944803e+01 4.546512643195294601e+01 4.193744222281092959e+01 4.547506641122882343e+01 3.885076521464797139e+01 4.241514812657544553e+01 4.389989145706451268e+01 4.133211704256556374e+01 3.441346089865853486e+01 4.096331523991658941e+01 4.194419578866083498e+01 3.490591624456727260e+01
